,com (y),com (x),end_1 (y),end_1 (x),end_2 (y),end_2 (x),ee-distance,gyr_distance,length,time,T,length_ref
0,-0.289,1.445,0.051,-4.301,-0.051,-4.063000000000001,0.2589362855993729,2.3383005590259787,,0.0,20,35.21482
1,-0.085,-9.605,-0.561,-22.015,-0.017,7.225,29.245060027293498,8.388859449563636,31.959075311222875,2.0,20,35.21482
2,-0.289,-11.033,-0.425,-21.267000000000003,0.119,5.729,27.001480551999368,8.709419411885987,31.02214723629412,4.0,20,35.21482
3,-0.5950000000000001,-11.509,-0.425,-23.137,-0.017,3.4170000000000003,26.55713425804825,8.512435790565025,27.796634246760824,6.0,20,35.21482
4,0.119,-13.379,-0.7310000000000001,-23.511000000000003,0.017,1.003,24.52540927283376,7.92948959265349,26.42593444809633,8.0,20,35.21482
5,-0.085,-15.759,-0.629,-26.639000000000003,-1.139,-0.221,26.422922321348185,8.046928564948713,27.887902151655457,10.0,20,35.21482
6,-0.085,-16.201,-0.153,-27.217,0.357,0.935,28.15661918625885,7.957883322613753,29.84457247271039,12.0,20,35.21482
7,-0.119,-18.683,-0.663,-30.039,-0.357,0.085,30.12555413598229,8.519439862564411,31.384410803519813,14.0,20,35.21482
8,0.017,-19.295,-0.5950000000000001,-31.977000000000004,-0.357,-1.3430000000000002,30.634924514351265,8.741157076354563,32.31673592051718,16.0,20,35.21482
9,0.051,-21.539,-0.765,-33.405,-0.153,-2.567,30.844072169543377,8.95643541365751,32.51542520806682,18.0,20,35.21482
10,0.051,-22.491000000000003,-0.765,-33.983000000000004,-0.289,-4.471,29.515838460053956,8.3894107359891,30.80958249290997,20.0,20,35.21482
11,0.289,-24.769,-0.187,-35.921,-0.085,-4.335,31.58616469278915,9.123655387727135,32.277377000798815,22.0,20,35.21482
12,0.391,-24.667,-0.493,-35.547000000000004,0.017,-5.083,30.46826867414688,8.666885677787263,31.82650247411572,24.0,20,35.21482
13,0.425,-25.857000000000003,-0.527,-37.689,0.119,-5.423,32.27246615925099,8.809985134245487,33.42191909422656,26.0,20,35.21482
14,0.323,-27.455,-0.119,-39.049,0.289,-10.625,28.42692807884806,8.697655572205385,29.411797568743975,28.0,20,35.21482
15,0.357,-26.945,0.051,-38.913,0.493,-12.393,26.52368307758182,7.822608429926828,28.525698518227177,30.0,20,35.21482
16,0.051,-28.203000000000003,0.255,-40.783,-0.221,-11.781,29.00590595034053,8.68602958705623,30.174696282619664,32.0,20,35.21482
17,-0.051,-28.815,-0.935,-42.109,-0.8670000000000001,-11.067,31.042074479647784,8.91361010504368,32.87016707232712,34.0,20,35.21482
18,-0.017,-32.045,-3.145,-44.013000000000005,-0.527,-11.339,32.77871565513207,9.255469794372267,35.530074156117415,36.0,20,35.21482
19,0.085,-33.983000000000004,-1.445,-45.169,-0.153,-13.719,31.47652719090847,9.065455541726871,33.497662482176494,38.0,20,35.21482
20,0.323,-33.813,2.4650000000000003,-43.809000000000005,-0.017,-14.943,28.97250903874223,9.06679952138436,31.82171154725858,40.0,20,35.21482
21,0.187,-36.397000000000006,-0.7310000000000001,-46.665000000000006,-0.935,-15.657000000000002,31.008671045370523,9.459706156004888,32.69320131111121,42.0,20,35.21482
22,0.255,-36.567,1.037,-47.99100000000001,-0.935,-18.343,29.71351019317644,8.982357084137393,31.96620464058496,44.0,20,35.21482
23,0.119,-36.465,-0.051,-47.923,-0.765,-17.969,29.962508439715123,8.656796363052885,31.96452381203,46.0,20,35.21482
24,0.187,-36.635000000000005,0.493,-48.365,-0.5950000000000001,-18.547,29.837842884498205,8.689680366093155,31.474316299174586,48.0,20,35.21482
25,-0.119,-36.057,0.8330000000000001,-47.889,0.119,-19.023,28.87482903845493,8.523811203423271,30.23348648822012,50.0,20,35.21482
26,0.017,-36.363,0.969,-48.127,0.051,-17.765,30.375874769296768,8.8924737111618,32.57886011178599,52.0,20,35.21482
27,0.051,-36.023,-0.153,-47.447,0.425,-17.255000000000003,30.19753215082319,8.930586905338854,31.983935586668206,54.0,20,35.21482
28,-0.255,-37.587,2.057,-47.99100000000001,0.255,-17.289,30.75483714799999,9.514397036667155,34.6393423348589,56.0,20,35.21482
29,-0.255,-37.179,1.275,-47.821000000000005,-0.051,-19.057,28.79454760887901,8.724995067513273,33.24899884099838,58.0,20,35.21482
30,-0.085,-39.015,2.601,-47.311,0.221,-20.995,26.423403565778575,7.804597304798947,31.043991719115542,60.0,20,35.21482
31,-0.153,-37.57,1.785,-46.42700000000001,0.153,-21.641,24.839670287666863,7.429592514653443,28.20173105068118,62.0,20,35.21482
32,0.187,-38.539,2.329,-47.141000000000005,0.119,-23.409,23.83467902028471,7.399611670314633,28.90660787174933,64.0,20,35.21482
33,0.663,-40.579,2.261,-47.277,0.255,-22.389000000000003,24.968712021247715,7.547422795843041,30.21870561112906,66.0,20,35.21482
34,0.5950000000000001,-40.307,1.377,-47.515,0.085,-23.681,23.86899285684253,7.203320421080253,28.867069640990238,68.0,20,35.21482
35,0.289,-38.641000000000005,0.119,-47.821000000000005,-0.221,-22.933000000000003,24.89032229602502,7.279537081600703,27.286248868200207,70.0,20,35.21482
36,0.017,-39.202000000000005,1.819,-47.277,-0.799,-23.681,23.74079063552855,7.569729752247805,26.72769258745137,72.0,20,35.21482
37,-0.017,-39.831,2.2950000000000004,-46.325,0.629,-23.171000000000003,23.213859480922167,7.462624441368254,31.47132661367796,74.0,20,35.21482
38,0.323,-41.73500000000001,2.9410000000000003,-46.597,0.051,-23.375,23.40114065595949,7.35834611217798,30.22558980729472,76.0,20,35.21482
39,0.051,-41.837,3.3830000000000005,-46.155,-0.527,-25.313,21.20559039498783,7.379130972551869,30.82084147676517,78.0,20,35.21482
40,-0.119,-43.401,3.825,-44.999,0.5950000000000001,-28.305000000000003,17.00360361805697,7.031579808556505,27.250391906684776,80.0,20,35.21482
41,0.187,-43.741,3.111,-43.809000000000005,-0.255,-31.637000000000004,12.628837634556872,6.840074580164648,26.454186526756533,82.0,20,35.21482
42,0.153,-43.537000000000006,3.213,-42.279,0.119,-29.801,12.855867143059625,5.63685131592061,31.008752074286708,84.0,20,35.21482
43,-0.017,-43.673,3.621,-42.755,-0.6970000000000001,-29.699,13.751518461609976,5.385088615109704,30.06579109581767,86.0,20,35.21482
44,0.017,-44.081,3.757,-43.401,-0.085,-29.869000000000003,14.066840014729678,5.652465621409057,29.270714290017622,88.0,20,35.21482
45,0.221,-42.925,2.7710000000000004,-41.871,0.119,-29.563,12.59047131762747,5.581886401656059,32.3363613530291,90.0,20,35.21482
46,0.425,-43.095000000000006,2.261,-41.395,0.051,-28.543000000000003,13.040628972561102,5.921271688709504,31.80771579884354,92.0,20,35.21482
47,0.663,-43.435,1.989,-41.225,0.6970000000000001,-29.801,11.496827388458088,5.434927529181749,32.07507561959319,94.0,20,35.21482
48,0.153,-42.585,2.975,-41.939,-0.425,-30.039,12.37618681177688,4.640677896541575,15.09729180555516,96.0,20,35.21482
49,0.187,-43.197,2.125,-41.259,0.799,-32.895,8.46845747465263,4.197009489431092,29.162540678748123,98.0,20,35.21482
50,0.085,-43.163,0.8670000000000001,-38.709,0.799,-32.623000000000005,6.08637987641258,4.339431965726922,29.940079228233856,100.0,20,35.21482
51,-0.017,-41.803,0.493,-37.213,-0.017,-32.555,4.685836531506408,4.323994529233982,5.699914692794565,102.0,20,35.21482
52,-0.017,-40.341,0.357,-35.071000000000005,0.5950000000000001,-32.521,2.561082583596242,4.431723442066675,4.991721360791129,104.0,20,35.21482
53,0.289,-39.967000000000006,,,,,2.561082583596242,4.432260309146359,,106.0,20,35.21482
54,0.187,-38.845000000000006,,,,,2.561082583596242,4.728741039670571,,108.0,20,35.21482
55,0.187,-37.485,0.323,-34.051,0.561,-27.727,6.328476909968149,5.307454288008991,7.393332222349946,110.0,20,35.21482
56,0.119,-36.295,,,,,6.328476909968149,5.3211626156937815,,112.0,20,35.21482
57,-0.017,-35.581,,,,,6.328476909968149,5.953766083651062,,114.0,20,35.21482
58,-0.051,-35.989000000000004,,,,,6.328476909968149,5.9551239913023135,,116.0,20,35.21482
59,0.153,-35.241,0.051,-36.397000000000006,0.255,-21.233,15.165372135229653,6.880780380926801,34.21976549174651,118.0,20,35.21482
60,0.425,-35.309000000000005,-0.153,-36.159000000000006,-0.527,-24.463,11.70197812337726,5.671492170994979,19.496887681809003,120.0,20,35.21482
61,0.323,-36.907,,,,,11.70197812337726,4.032898052081352,,122.0,20,35.21482
62,0.289,-36.465,0.187,-36.023,0.493,-26.299000000000003,9.728813493946731,4.935587792453159,11.34291071214462,124.0,20,35.21482
63,0.391,-35.683,-0.255,-35.343,0.493,-24.225,11.143133670561436,5.597713147323241,23.65391499928209,126.0,20,35.21482
64,0.323,-33.609,,,,,11.143133670561436,5.834325226555013,,128.0,20,35.21482
65,0.323,-32.691,-0.6970000000000001,-35.105000000000004,0.663,-18.547,16.61375827439415,6.906476382469419,26.84421208080011,130.0,20,35.21482
66,0.357,-31.399,-0.7310000000000001,-34.051,0.323,-19.533,14.556209671476982,6.4318987527087454,23.78421222030095,132.0,20,35.21482
67,0.357,-31.433000000000003,0.8330000000000001,-39.661,0.459,-17.867,21.797208812139232,6.521421011594095,22.442646430835037,134.0,20,35.21482
68,0.493,-29.189000000000004,-0.629,-31.195000000000004,0.493,-15.929,15.30717609489092,7.123604727771563,21.237793072445218,136.0,20,35.21482
69,0.391,-26.571,-0.663,-30.277,0.527,-15.419,14.905578284655716,6.956723931083882,21.58723556986251,138.0,20,35.21482
70,0.051,-26.605,-0.6970000000000001,-27.421000000000003,0.357,-14.501,12.962920812841526,6.747272019447443,21.3448540386616,140.0,20,35.21482
71,0.017,-26.197000000000003,-0.493,-36.669,0.391,-13.345,23.340746174876244,7.115910442892165,24.279008576779823,142.0,20,35.21482
72,0.187,-25.517000000000003,0.527,-27.965000000000003,0.561,-14.161,13.80404187185768,7.143148912534051,15.48769511631202,144.0,20,35.21482
73,0.221,-25.517000000000003,,,,,13.80404187185768,7.697008727208495,,146.0,20,35.21482
74,0.221,-24.888,-0.8670000000000001,-25.517000000000003,0.357,-13.923000000000002,11.65843094073984,6.853282587483727,22.130943490245865,148.0,20,35.21482
75,0.119,-24.837000000000003,-0.6970000000000001,-25.857000000000003,-0.391,-11.713,14.147309708916392,7.312912343437696,24.588768832455795,150.0,20,35.21482
76,0.221,-23.239,-0.187,-24.531,-0.323,-10.013,14.518636988367746,7.3483046249810355,26.10041542976349,152.0,20,35.21482
77,0.255,-20.383000000000003,-0.663,-24.803,0.017,-8.109,16.707843547268453,7.631823920608939,25.397229875408083,154.0,20,35.21482
78,0.119,-21.471,-0.527,-25.483,0.255,-8.653,16.848157881501468,7.851741221144802,19.634858906663712,156.0,20,35.21482
79,-0.085,-21.097,-0.8670000000000001,-25.619000000000003,-0.187,-8.109,17.52319890887506,8.105908072283663,20.533294947109457,158.0,20,35.21482
80,0.187,-20.009,-0.799,-24.225,0.357,-8.143,16.123494038204004,7.436062280040481,18.393342220808588,160.0,20,35.21482
81,0.119,-22.729000000000003,0.527,-28.577,0.459,-15.181,13.396172587720718,4.09360599627274,14.72356234400882,162.0,20,35.21482
82,-0.255,-22.797,0.5950000000000001,-28.917,-0.5950000000000001,-13.821000000000002,15.142830514801386,4.33157306856047,16.18925537779783,164.0,20,35.21482
83,-0.323,-21.845,0.629,-29.665000000000003,0.425,-10.761,18.90510068738064,5.417325984163886,20.16623539078564,166.0,20,35.21482
84,0.017,-21.233,0.221,-28.135,0.391,-11.271,16.864856833071546,5.694567330540138,17.69626524698211,168.0,20,35.21482
85,0.051,-19.839,-0.7310000000000001,-19.873,0.289,-9.401,10.521558059527116,5.773348658116946,30.836457358809245,170.0,20,35.21482
86,-0.051,-19.941000000000003,0.357,-27.557,0.119,-9.129,18.429536836285383,5.883625418579102,19.60130263635801,172.0,20,35.21482
87,-0.051,-19.108,-0.051,-19.057,-0.187,-8.721,10.336894698118966,5.651340855005357,21.118279741346445,174.0,20,35.21482
88,0.051,-17.221,-0.935,-19.159,0.357,-3.791,15.422214108227134,7.274517694385758,34.35529534352115,176.0,20,35.21482
89,0.085,-14.705000000000002,-0.901,-20.111,0.017,-2.431,17.70381665065474,7.334946565226272,20.788442616177573,178.0,20,35.21482
90,0.153,-14.943,,,,,17.70381665065474,7.450809753536226,,180.0,20,35.21482
91,0.289,-13.787,0.663,-25.585,-0.085,-1.513,24.08361866497641,7.897696977978084,28.596929407536617,182.0,20,35.21482
92,0.255,-13.447,0.051,-19.601000000000003,0.255,-0.935,18.667114720813174,8.214627564193052,19.814474679950063,184.0,20,35.21482
93,0.051,-12.495,-0.357,-19.975,-1.105,-0.357,19.63225478644773,8.072325527760773,,186.0,20,35.21482
94,-0.119,-11.849,-0.051,-20.893,0.357,3.0770000000000004,23.973472088957,8.935405783515854,31.123602556166684,188.0,20,35.21482
95,-0.119,-9.095,-0.527,-22.219,0.323,4.369000000000001,26.60158348670244,8.859093824585633,29.07387544638821,190.0,20,35.21482
96,-0.187,-7.191000000000001,-0.799,-21.437,0.357,4.641,26.10360932897978,9.5353852915827,35.15169548203519,192.0,20,35.21482
97,-0.289,-7.259,-0.663,-22.355,0.255,5.389,27.75918334533637,9.891676734740813,31.374289609989077,194.0,20,35.21482
98,-0.289,-5.525,-0.663,-25.789,0.289,6.681,32.48395302299275,10.200060295171056,34.2262765818872,196.0,20,35.21482
99,-0.153,-2.8390000000000004,-0.6970000000000001,-23.375,0.323,8.449,31.840341957962703,9.649968294585175,34.12139386585049,198.0,20,35.21482
100,-0.289,-2.1590000000000003,0.425,-21.165000000000003,0.221,10.761,31.92665175053595,9.5391499454673,33.06358305049934,200.0,20,35.21482
101,-0.289,-0.8670000000000001,0.221,-20.485000000000003,0.119,11.849,32.33416088288051,9.616248852959012,33.46903214355173,202.0,20,35.21482
102,-0.221,-1.003,0.289,-20.349,0.085,11.373,31.722655941771336,9.6408714975279,32.80571354054325,204.0,20,35.21482
103,-0.323,0.289,0.153,-20.757,-0.085,12.393,33.15085434796515,9.582267974312977,33.94109374222379,206.0,20,35.21482
104,-0.051,0.561,0.085,-18.853,0.391,13.957,32.811426911976874,9.824791054342914,34.031056156709624,208.0,20,35.21482
105,0.017,1.207,0.323,-18.887,0.357,13.549,32.43601781970161,9.592808671394426,33.80258701942361,210.0,20,35.21482
106,0.119,2.125,0.221,-18.207,0.255,14.399,32.60601772679394,9.704175452750418,33.98803860074571,212.0,20,35.21482
107,-0.085,3.995,-0.187,-16.643,-0.323,14.841,31.48429373513086,9.450621838340222,32.33839546342878,214.0,20,35.21482
108,-0.085,6.426,0.051,-14.399,0.221,17.867,32.26644783672352,9.274262942861462,32.945547290519684,216.0,20,35.21482
109,-0.085,4.471,-0.153,-13.141000000000002,0.221,15.283,28.42646041982716,9.021647516814449,31.25377753808932,218.0,20,35.21482
110,-0.289,5.6610000000000005,-1.003,-9.299,-0.119,17.697000000000003,27.010469673813525,9.10308400246698,27.693191399495,220.0,20,35.21482
111,-0.221,8.551,0.663,-12.053,0.051,20.553,32.611742977032065,9.28011928941575,33.78233803863334,222.0,20,35.21482
112,-0.289,10.727,0.051,-9.673,0.017,22.865,32.53801776384051,9.198601031652975,33.33313349061301,224.0,20,35.21482
113,-0.255,13.719,0.085,-6.171,-0.901,25.891,32.07715760475046,9.376444929351694,32.56331123690076,226.0,20,35.21482
114,-0.255,14.263000000000002,0.255,-6.069000000000001,0.153,25.585,31.65416433899338,9.38430277752648,32.729454913812,228.0,20,35.21482
115,-0.255,15.113,0.323,-5.627000000000001,0.153,25.551,31.17846346438516,9.35642423424647,32.10378571522113,230.0,20,35.21482
116,-0.323,14.807,0.051,-4.675000000000001,-0.187,26.265,30.940915371074595,9.302983299713809,31.801968102541284,232.0,20,35.21482
117,-0.391,17.323,-0.391,12.801,-1.275,30.039,17.26065178375371,9.446606185167653,17.71681053612447,234.0,20,35.21482
118,-0.5950000000000001,18.921000000000003,-0.323,-1.853,-0.051,30.753000000000004,32.607134495383065,9.265759838000912,33.4786152864048,236.0,20,35.21482
119,-0.561,19.261000000000003,0.459,-1.5470000000000002,0.255,32.011,33.558620055061866,9.53562056601932,34.51853529760809,238.0,20,35.21482
120,-0.629,20.213,0.289,-1.003,0.323,31.467,32.47001780104224,9.748524265725075,34.129076392545805,240.0,20,35.21482
121,-0.493,21.403,-0.425,-0.153,-0.085,32.385000000000005,32.53977633604755,9.770154254878609,33.121809035497215,242.0,20,35.21482
122,-0.391,23.46,-0.221,2.193,0.187,33.473,31.282660756399864,9.52546139025199,32.54183660803682,244.0,20,35.21482
123,-0.323,24.429,0.221,3.281,0.085,35.003,31.722291531350635,9.24450005406864,32.48569221665875,246.0,20,35.21482
124,-0.289,25.891,-1.0710000000000002,5.9670000000000005,0.357,36.227,30.29367564360588,9.49428705382004,32.02101056672592,248.0,20,35.21482
125,-0.289,25.347,-0.425,12.869000000000002,0.255,37.689,24.82931332115329,9.4087464857244,25.58973397632439,250.0,20,35.21482
126,-0.459,28.441000000000003,-0.6970000000000001,12.699000000000002,0.085,40.001000000000005,27.313196956782637,9.306992661393489,27.94724122100914,252.0,20,35.21482
127,-0.357,31.331000000000003,-0.493,12.869000000000002,1.105,41.463,28.638617983415333,9.119512530016284,29.39951216931505,254.0,20,35.21482
128,-0.391,31.671000000000003,-0.153,24.327,0.765,42.177,17.87359012621695,8.91990898252806,18.315074726349767,256.0,20,35.21482
129,-0.425,31.229000000000003,-0.425,12.835,0.7310000000000001,40.987,28.175724303023696,9.18247096555541,29.83707158445323,258.0,20,35.21482
130,-0.493,30.617,-0.255,12.801,-0.5950000000000001,40.035,27.236122264375304,8.785507460374596,28.670139810029408,260.0,20,35.21482
131,-0.527,30.583,0.323,16.779,0.085,40.035,23.257217804372043,8.209008857683543,24.40821721760971,262.0,20,35.21482
132,-0.629,31.467,-0.7310000000000001,12.121,-1.5470000000000002,41.395,29.28537061401136,8.729764513776301,31.060803411915536,264.0,20,35.21482
133,-0.425,30.141,-0.6970000000000001,13.243,0.255,39.287000000000006,26.061393669564183,7.794281367364204,28.338975205418304,266.0,20,35.21482
134,-0.425,32.657000000000004,-0.017,14.807,0.289,44.353,29.547584537488003,8.159698403449726,31.92379995701257,268.0,20,35.21482
135,-0.221,35.411,0.221,17.901,-0.765,47.821000000000005,29.9362421823448,8.337690793118934,32.06698422848204,270.0,20,35.21482
136,-0.425,36.924,-0.357,26.231,-1.887,47.855,21.67805978403049,8.396913136888212,23.31677188482912,272.0,20,35.21482
137,-0.629,37.281000000000006,-0.799,19.159,-2.261,47.787000000000006,28.66530704527688,8.535714970399532,30.436805489479102,274.0,20,35.21482
138,-0.5950000000000001,37.247,-0.8670000000000001,26.265,-1.6150000000000002,48.025000000000006,21.77285245437538,8.641539574048887,23.0626443077488,276.0,20,35.21482
139,-0.6970000000000001,36.499,-0.969,26.265,-0.459,47.855,21.59602278198465,8.738723252038175,22.525795459393837,278.0,20,35.21482
140,-0.6970000000000001,36.771,-0.935,26.333,0.119,47.923,21.615712248269777,9.258944213299388,22.73290981870925,280.0,20,35.21482
141,-0.629,37.723000000000006,-0.561,26.231,0.187,47.957,21.73887255586177,8.658347542970505,23.271945067988515,282.0,20,35.21482
142,-0.153,37.485,0.085,21.573,1.3090000000000002,46.835,25.291635376147585,8.19852816192942,28.270110412574827,284.0,20,35.21482
143,-0.153,37.417,-0.969,19.703000000000003,0.153,47.99100000000001,28.310242457456987,8.51859354613295,32.6274596166375,286.0,20,35.21482
144,-0.425,36.465,-0.493,19.567,-0.8670000000000001,47.821000000000005,28.256475222504317,8.394584933646962,31.6409545100545,288.0,20,35.21482
145,-0.459,38.267,-0.289,26.163,-0.425,47.685,21.5224296955525,7.967626289521296,22.529621000456626,290.0,20,35.21482
146,-0.425,37.995000000000005,-1.241,26.265,1.139,46.835,20.707228206594912,7.285352474291097,23.19509621816888,292.0,20,35.21482
147,-0.289,37.757000000000005,-1.241,26.401000000000003,0.289,47.447,21.10154060726373,7.541271930332457,22.993757117110707,294.0,20,35.21482
148,-0.391,37.553,-0.187,26.469,1.479,45.917,19.519227956043757,5.962314307248039,22.951703466077536,296.0,20,35.21482
149,-0.459,39.593,-0.221,26.367,0.085,47.073,20.708260960302777,6.86054927755676,23.430297772880625,298.0,20,35.21482
150,-0.255,42.449000000000005,0.085,26.367,1.819,46.699000000000005,20.405807506687893,6.96894509910583,26.942314828933974,300.0,20,35.21482
151,-0.391,40.987,0.323,26.299000000000003,1.003,46.971,20.683181186655016,6.371366425351546,24.323573176854072,302.0,20,35.21482
152,-0.459,39.797,-0.221,26.537000000000003,0.493,47.345000000000006,20.820246396236527,6.18398600617323,22.993750974074608,304.0,20,35.21482
153,0.187,41.973000000000006,-0.493,29.223000000000003,1.921,45.679,16.63211748395255,5.969001679564664,22.00612454271072,306.0,20,35.21482
154,-0.153,42.449000000000005,-0.765,29.631000000000004,2.601,45.645,16.363928379212616,5.9294356225785325,23.650630885354808,308.0,20,35.21482
155,-0.527,44.404,-0.969,35.955000000000005,1.921,45.441,9.916465902729662,6.6698529280591945,18.14137891805749,310.0,20,35.21482
156,-0.425,43.741,-0.357,29.291,2.4650000000000003,44.217000000000006,15.190429882001366,5.5303134210865705,27.81438915764152,312.0,20,35.21482
157,-0.391,44.047,-1.3090000000000002,31.365,2.9410000000000003,43.129000000000005,12.508165173197868,5.605266055149284,24.962450958151084,314.0,20,35.21482
158,-0.153,43.673,-0.425,32.283,-2.397,44.42100000000001,12.297147148830904,5.317692322818928,14.249400850148191,316.0,20,35.21482
159,0.119,43.469,1.445,41.293000000000006,-2.397,44.999,5.338108279156578,4.640393411057618,13.816719170831684,318.0,20,35.21482
160,0.119,43.095000000000006,-0.085,32.793,1.037,41.259,8.540025761085268,4.582512251282225,29.56704341758457,320.0,20,35.21482
161,0.017,43.571000000000005,-0.459,37.417,1.751,41.497,4.640096981745102,4.5156288094568415,23.236189885195667,322.0,20,35.21482
162,-0.051,43.469,-0.493,37.349,1.411,41.293000000000006,4.3795378751644565,4.659784620408479,23.72479356574738,324.0,20,35.21482
163,0.0,43.979000000000006,-0.459,37.077000000000005,1.5810000000000002,41.429,4.806402396803664,4.744732124607175,23.234671927386074,326.0,20,35.21482
164,-0.017,43.571000000000005,-1.139,35.377,1.3430000000000002,41.327000000000005,6.446923607427035,4.685441368415044,24.996032230272856,328.0,20,35.21482
165,-0.221,43.265,-1.3090000000000002,34.799,2.091,46.155,11.854059895242644,4.394081141417983,15.194837103360314,330.0,20,35.21482
166,-0.357,41.599,-1.003,33.269000000000005,2.1590000000000003,45.475,12.608912720770178,4.267974775675148,,332.0,20,35.21482
167,-0.425,40.375,-1.241,32.623000000000005,-0.119,35.275000000000006,2.8795812195525934,3.8143790387672967,4.644998351902833,334.0,20,35.21482
168,-0.459,39.967000000000006,0.085,32.657000000000004,-1.3090000000000002,35.173,2.8763678485200743,4.102676872102301,3.4629490508292022,336.0,20,35.21482
169,-0.391,39.151,-0.391,32.113,-0.119,32.487,0.4624499972970051,4.246897297715996,0.7004391871739301,338.0,20,35.21482
170,-0.7310000000000001,38.675,-3.349,43.061,0.153,28.747000000000003,14.73616639428315,4.803618317477167,21.722976035920983,340.0,20,35.21482
171,-0.629,36.635000000000005,-0.085,31.025,-0.051,24.361,6.664086734129442,5.5302869459386645,8.36273716146341,342.0,20,35.21482
172,-0.527,35.751000000000005,0.187,36.465,-0.425,22.525,13.953427679247849,6.314882571302023,15.235671160593268,344.0,20,35.21482
173,-0.561,35.547000000000004,0.221,36.397000000000006,0.051,22.457,13.94103654682822,6.322161914274289,15.257793298063438,346.0,20,35.21482
174,-0.5950000000000001,35.411,1.037,41.191,0.051,21.471,19.744634612977777,6.842779642572247,21.22881760254251,348.0,20,35.21482
175,-0.459,34.425000000000004,-0.085,30.991000000000003,0.357,22.661,8.341718288218562,6.369766217074917,9.93657927620492,350.0,20,35.21482
176,-0.561,34.187000000000005,-1.275,34.085,0.017,21.301,12.849121370739716,6.625551677579115,14.596007583549438,352.0,20,35.21482
177,-0.493,34.017,-1.139,33.881,-1.139,21.573,12.308000000000002,6.9657806744929776,14.285187405611378,354.0,20,35.21482
178,-0.527,34.119,-1.173,33.303000000000004,-0.255,19.669,13.664870288444014,7.121641262512044,14.905026967344286,356.0,20,35.21482
179,-0.5950000000000001,32.759,-1.037,32.759,0.221,18.071,14.7417742487124,7.738638890233786,15.576889731254562,358.0,20,35.21482
180,-0.425,29.087000000000003,-0.765,34.867000000000004,0.051,14.943,19.940702896337434,8.139359453433618,20.558984384148594,360.0,20,35.21482
181,-0.221,27.897,-0.5950000000000001,35.615,-0.221,13.923000000000002,21.695223898360677,8.567461889263699,22.64594127750572,362.0,20,35.21482
182,-0.153,25.755000000000003,-0.017,39.763000000000005,-0.459,12.767,26.99961814544791,8.911954712440085,27.88861326356214,364.0,20,35.21482
183,-0.289,24.259,-0.221,31.263,-0.459,10.387,20.877356633443803,9.678191508231956,,366.0,20,35.21482
184,-0.493,21.879,0.051,40.307,0.153,8.755,31.552164870258903,9.991681127971791,33.97992707523389,368.0,20,35.21482
185,-0.459,20.961,-0.289,36.703,0.289,5.9670000000000005,30.74143425411378,10.809822054387269,39.60114691189636,370.0,20,35.21482
186,-0.391,20.247,-1.207,37.791,0.119,6.171,31.64779101296013,9.992592192755192,35.80891632816134,372.0,20,35.21482
187,-0.561,19.601000000000003,-1.139,37.587,0.459,5.083,32.54325767344136,10.501277014148618,37.474409842974566,374.0,20,35.21482
188,-0.493,16.133000000000003,0.187,38.267,0.323,3.4850000000000003,34.78226588363674,10.279557425968292,35.863467519717425,376.0,20,35.21482
189,-0.493,17.323,-0.051,36.601,0.255,3.4850000000000003,33.117413727524074,10.26394743861696,34.2877656681303,378.0,20,35.21482
190,-0.459,14.535000000000002,-0.629,35.955000000000005,-0.153,2.9410000000000003,33.017431335583936,9.891799428319253,33.599660111518425,380.0,20,35.21482
191,-0.561,13.498,-0.935,35.173,0.119,0.221,34.9678884120846,10.36605792555676,35.779182712556256,382.0,20,35.21482
192,-0.153,12.835,-0.391,25.823,-0.153,0.969,24.855139508761564,9.6743219830779,25.20426563008065,384.0,20,35.21482
193,-0.119,12.971,-0.425,33.201,-0.901,1.105,32.09952946695637,9.773223226338596,33.350778857465215,386.0,20,35.21482
194,-0.051,12.597,-0.527,33.609,-0.289,-0.561,34.170828845668936,9.992156285603198,35.27383341106293,388.0,20,35.21482
195,-0.187,11.611,-0.493,33.201,0.051,-0.323,33.528413502580165,9.879946326269271,34.5573520543335,390.0,20,35.21482
196,-0.085,9.843,-0.153,25.857000000000003,-0.323,-1.0710000000000002,26.92853661081493,9.082739393812304,27.235665511819665,392.0,20,35.21482
197,-0.119,8.415000000000001,0.119,25.789,0.255,-3.995,29.78431050066461,10.03215597630292,30.36895860014771,394.0,20,35.21482
198,-0.051,5.763000000000001,-0.289,25.823,0.085,-5.933000000000001,31.758202279096345,9.616064106978984,32.16880119709634,396.0,20,35.21482
199,-0.085,5.797000000000001,,,,,31.758202279096345,9.450149645459392,,398.0,20,35.21482
200,-0.085,5.151000000000001,-0.119,25.687,0.391,-6.171,31.862081915656425,9.625870129144872,32.68603599157299,400.0,20,35.21482
201,-0.153,5.151000000000001,-0.085,25.789,0.425,-7.769,33.56187515619472,10.068424505220266,34.251776596355164,402.0,20,35.21482
202,-0.051,4.165,-0.051,25.619000000000003,0.425,-7.259,32.881445527835304,9.453014888566596,33.64483331824784,404.0,20,35.21482
203,-0.187,2.7710000000000004,0.051,24.667,0.289,-8.993,33.66084140362508,9.553422411830436,34.25659842734056,406.0,20,35.21482
204,-0.323,2.125,0.357,16.337,0.187,-11.577,27.91451765658866,10.09280881273616,28.72764793917899,408.0,20,35.21482
205,-0.051,-0.391,0.357,16.337,0.391,-13.889,30.226019122603628,9.916344441116284,30.973552152055163,410.0,20,35.21482
206,0.051,-1.411,-0.187,19.805,0.323,-14.773,34.5817608574231,9.5701517490313,35.793359193445085,412.0,20,35.21482
207,-0.017,-3.791,-0.289,18.275,0.323,-14.909,33.18964296282803,9.585040529732126,33.90121911022839,414.0,20,35.21482
208,-0.017,-5.219,-0.187,16.949,0.391,-17.697000000000003,34.65082105809327,9.86195165006858,35.55659052734556,416.0,20,35.21482
209,0.085,-6.783,-0.017,15.623,0.663,-18.207,33.836833480690835,9.753142044980883,34.67160530217284,418.0,20,35.21482
210,0.017,-8.959000000000001,-0.629,12.291,0.5950000000000001,-19.703000000000003,32.01740482924873,9.497821570433958,33.40675241032772,420.0,20,35.21482
211,-0.017,-11.135000000000002,-0.255,10.829,0.527,-21.539,32.37744505052862,9.316337825918096,33.20630848200349,422.0,20,35.21482
212,-0.255,-10.013,-0.561,10.183000000000002,0.051,-21.913,32.101834215508624,9.20466568956108,33.04076769404196,424.0,20,35.21482
213,-0.153,-11.679,-0.5950000000000001,9.877,0.459,-22.899,32.79294271638336,9.534847309683425,33.650212936950055,426.0,20,35.21482
214,-0.051,-12.155,0.051,8.959000000000001,0.493,-25.143,34.104864286491456,9.720751428828503,35.361323212760404,428.0,20,35.21482
215,-0.017,-14.365,-0.629,6.987,0.357,-26.333,33.33458558314472,9.442044122808548,33.82595527418502,430.0,20,35.21482
216,-0.017,-16.949,-1.139,4.199000000000001,0.391,-28.713,32.94754382347795,9.08485670283315,33.45394204724298,432.0,20,35.21482
217,0.017,-17.697000000000003,0.357,3.3150000000000004,0.629,-30.277,33.59310119652546,9.536461118144553,35.02129633175314,434.0,20,35.21482
218,0.085,-19.635,-0.289,1.275,0.663,-32.657000000000004,33.945352082428016,9.573810574773509,35.27542088636447,436.0,20,35.21482
219,0.119,-20.57,-0.425,-0.085,0.8330000000000001,-33.983000000000004,33.921334997314005,9.95968691108145,34.98346858067899,438.0,20,35.21482
220,0.085,-22.423,-0.459,-2.363,-0.119,-34.663000000000004,32.301789424117054,9.130966169288314,33.160314513670386,440.0,20,35.21482
221,0.085,-22.831000000000003,-0.187,-2.193,-0.119,-36.159000000000006,33.96606806799986,9.541701206688396,35.225913242235734,442.0,20,35.21482
222,-0.051,-22.797,-0.119,-1.921,0.8670000000000001,-36.499,34.59205515721782,9.990510072702836,36.91933913572405,444.0,20,35.21482
223,-0.085,-23.919,-0.6970000000000001,-3.043,0.493,-36.159000000000006,33.137374005795934,9.182667693209316,33.53603420936424,446.0,20,35.21482
224,-0.051,-25.721,-1.0710000000000002,-4.913,0.527,-37.961000000000006,33.086612217028204,9.61924760955334,34.86921309373435,448.0,20,35.21482
225,-0.085,-27.659,-0.425,-6.715000000000001,0.8670000000000001,-37.519000000000005,30.831083016981417,8.76161557747848,31.745506720658447,450.0,20,35.21482
226,-0.119,-27.489,-0.051,-6.817,-0.085,-40.919,34.102016949148336,9.54936385917065,35.64108750274906,452.0,20,35.21482
227,-0.085,-29.155,-0.8670000000000001,-8.109,2.1590000000000003,-41.633,33.66029191792609,9.9361140506924,35.6168463889806,454.0,20,35.21482
228,0.323,-30.583,-0.799,-11.067,2.1590000000000003,-43.877,32.943070045155174,9.393671115101249,35.550685814377324,456.0,20,35.21482
229,0.459,-32.657000000000004,-0.493,-11.645,3.2470000000000003,-46.053,34.610664021367754,9.883222950364967,36.03592086761313,458.0,20,35.21482
230,0.459,-35.343,-0.017,-14.943,2.2950000000000004,-47.889,33.02702317799775,9.390167863922104,34.164123788291,460.0,20,35.21482
231,0.153,-35.207,-0.255,-14.773,1.5470000000000002,-47.787000000000006,33.063142621354075,9.566326453920311,34.05919295454723,462.0,20,35.21482
232,0.255,-35.581,-0.017,-14.807,0.5950000000000001,-48.399,33.597574436259535,9.58876189397684,34.65335677707671,464.0,20,35.21482
233,0.221,-34.969,-0.255,-14.875000000000002,1.411,-47.481,32.64853430094527,9.555210716534738,33.38333262778865,466.0,20,35.21482
234,0.323,-34.663000000000004,0.527,-14.331,3.587,-45.849,31.66619528771968,9.296699356291828,33.553671255224266,468.0,20,35.21482
235,0.527,-34.153000000000006,-0.969,-14.909,2.1590000000000003,-47.583000000000006,32.82338587044305,9.722258749895223,35.14372307050277,470.0,20,35.21482
236,0.6970000000000001,-35.785000000000004,0.051,-14.909,0.5950000000000001,-48.467000000000006,33.56240903153408,9.570525278207358,34.46657418472141,472.0,20,35.21482
237,0.561,-35.887,-0.629,-14.841,-0.527,-48.297,33.45615548744357,9.73943382871291,34.49575568171313,474.0,20,35.21482
238,0.459,-36.125,-1.037,-14.909,-1.513,-47.345000000000006,32.43949247445157,9.648294531333052,34.07767174710615,476.0,20,35.21482
239,0.255,-35.445,-0.765,-14.331,-1.445,-46.053,31.729287480181465,9.630122225737011,33.97417002153249,478.0,20,35.21482
240,0.153,-34.969,-0.935,-13.719,-1.411,-47.855,34.13931856379094,10.127402126282952,35.68840032638824,480.0,20,35.21482
241,0.051,-35.207,0.119,-16.337,-0.799,-45.611,29.28839019133691,8.369237310825323,31.049326235065408,482.0,20,35.21482
242,-0.051,-35.683,0.187,-18.615,1.105,-47.821000000000005,29.220423679337717,8.408666433151494,33.31487558400296,484.0,20,35.21482
243,-0.221,-37.485,0.119,-20.213,1.819,-48.161,27.999655426451238,8.615243415595778,31.94783225360008,486.0,20,35.21482
244,-0.085,-37.043,0.391,-19.703000000000003,1.513,-48.229000000000006,28.548057026704992,8.508421453670467,31.35085039618801,488.0,20,35.21482
245,-0.119,-36.21,-0.799,-18.445,-0.391,-47.719,29.27684306751669,8.758068019907196,30.59221026942353,490.0,20,35.21482
246,-0.187,-36.635000000000005,-1.003,-18.683,-1.139,-47.855,29.172317014594505,8.48922574945534,30.776505565752384,492.0,20,35.21482
247,-0.221,-35.955000000000005,0.051,-17.289,-1.037,-47.923,30.653314665791044,9.180492752247876,31.840127809171083,494.0,20,35.21482
248,-0.017,-37.247,-0.8330000000000001,-17.391000000000002,0.799,-47.923,30.57558581613769,8.519332592460891,31.28498245843426,496.0,20,35.21482
249,0.357,-37.043,-0.799,-17.867,1.275,-47.685,29.89004181997744,8.84855509653395,30.80721773948543,498.0,20,35.21482
250,0.459,-37.723000000000006,-0.969,-18.241,2.057,-47.481,29.39616090580537,8.72955654514381,31.854812440683617,500.0,20,35.21482
251,0.425,-37.621,-0.085,-21.709000000000003,2.4650000000000003,-47.141000000000005,25.5595212005233,8.151720223703771,27.708212834314555,502.0,20,35.21482
252,0.493,-38.777,-0.901,-19.941000000000003,2.567,-47.039,27.31901586807256,8.391235340792353,32.55294202675017,504.0,20,35.21482
253,0.527,-37.791,0.221,-20.247,2.363,-46.393,26.233594492558584,8.435621806469163,29.86046815411008,506.0,20,35.21482
254,0.663,-39.559000000000005,-0.799,-19.431,1.411,-47.209,27.86577441952762,8.829537179293588,32.97464069876729,508.0,20,35.21482
255,0.561,-40.307,-0.799,-23.239,0.629,-48.229000000000006,25.030766748144178,7.767801512021559,30.02693581141446,510.0,20,35.21482
256,0.391,-38.845000000000006,-0.765,-21.403,1.139,-47.685,26.35087740474689,7.736400890336414,28.74564341023657,512.0,20,35.21482
257,0.425,-38.947,0.119,-22.389000000000003,2.193,-47.039,24.73709716195496,7.480709187381437,27.346199462179367,514.0,20,35.21482
258,0.425,-37.723000000000006,0.085,-21.573,0.323,-47.753,26.18108179583113,7.809206155147764,27.699226830085387,516.0,20,35.21482
259,0.425,-38.063,0.051,-22.423,-0.323,-47.515,25.094787108082823,7.580448751622943,27.03981821281394,518.0,20,35.21482
260,0.425,-38.063,0.255,-21.607000000000003,-0.7310000000000001,-47.617,26.02868217947271,7.696054263642408,28.39290691495574,520.0,20,35.21482
261,0.391,-39.083000000000006,-0.5950000000000001,-22.287000000000003,-1.785,-47.311,25.05227885841925,7.577836179613448,28.65282204958799,522.0,20,35.21482
262,0.425,-39.015,0.221,-22.899,-1.3090000000000002,-46.937000000000005,24.08664243932724,7.522791909613806,28.711018494792167,524.0,20,35.21482
263,0.357,-39.661,-0.153,-23.851000000000003,-1.887,-47.447,23.659627469594696,7.618082730126449,28.07804033682164,526.0,20,35.21482
264,0.357,-40.307,-0.901,-24.089,-2.7030000000000003,-46.563,22.546127827190197,7.434118214276339,28.06988611334214,528.0,20,35.21482
265,0.323,-38.981,-0.7310000000000001,-23.579,-1.921,-47.413,23.863689069379028,7.398532699389292,28.46674629713573,530.0,20,35.21482
266,0.357,-37.961000000000006,-0.527,-25.891,0.051,-46.835,20.95197413133188,6.620906151517059,22.87409575977178,532.0,20,35.21482
267,-0.119,-37.825,0.153,-23.511000000000003,1.3090000000000002,-48.025000000000006,24.54124145189073,7.082290355855174,27.98942440532603,534.0,20,35.21482
268,-0.221,-38.403000000000006,-0.561,-23.273000000000003,0.051,-48.365,25.099462304997694,7.157823639316923,27.857767970839003,536.0,20,35.21482
269,-0.357,-36.941,-0.8670000000000001,-24.327,-2.8390000000000004,-43.639,19.412422002418968,5.817356106066555,23.132062606481355,538.0,20,35.21482
270,-0.085,-36.805,-0.8670000000000001,-24.769,-2.975,-42.755,18.109109862166054,6.097062282509171,21.831774665810627,540.0,20,35.21482
271,-0.051,-36.193000000000005,-0.629,-24.021,-2.193,-43.469,19.51078676014886,6.0020231202237255,21.792773168910937,542.0,20,35.21482
272,-0.255,-33.337,-0.221,-26.911,0.935,-39.967000000000006,13.107077172276052,3.996477222172269,13.856266837526016,544.0,20,35.21482
273,-0.323,-32.589000000000006,-0.527,-27.489,0.7310000000000001,-39.151,11.72965506739222,3.4964180496756705,12.367408259241412,546.0,20,35.21482
274,0.187,-33.133,0.187,-27.659,0.935,-41.667,14.02795665804539,4.0374168309729015,14.86492311880178,548.0,20,35.21482
275,-0.187,-34.119,-0.323,-28.509,1.5470000000000002,-41.803,13.42487750409664,4.018923457425403,14.48508686222835,550.0,20,35.21482
276,0.187,-35.173,-0.629,-29.019,1.853,-44.523,15.701412038412345,4.843964094532546,17.182388610257608,552.0,20,35.21482
277,0.221,-36.465,,,,,15.701412038412345,5.416479633920735,,554.0,20,35.21482
278,-0.017,-37.91,0.6970000000000001,-38.131,0.051,-48.399,10.288301123120377,5.424744526348683,14.503919058523143,556.0,20,35.21482
279,-0.153,-37.213,0.221,-37.485,1.513,-48.297,10.888921342355266,5.834030796399119,14.233725728997255,558.0,20,35.21482
280,-0.221,-38.029,-0.765,-28.305000000000003,2.2950000000000004,-47.617,19.552926737447773,6.7140519665048,24.25498142333952,560.0,20,35.21482
281,-0.187,-37.961000000000006,0.663,-28.543000000000003,1.683,-47.99100000000001,19.47472988259401,6.340222090928877,,562.0,20,35.21482
282,-0.153,-37.825,0.6970000000000001,-37.179,2.329,-47.413,10.363309317008731,6.327521314358644,14.466462896129816,564.0,20,35.21482
283,-0.255,-38.165000000000006,0.493,-27.013,2.1590000000000003,-47.039,20.09517932241462,6.55516622166189,26.57970258100822,566.0,20,35.21482
284,-0.425,-40.613,0.425,-27.319000000000003,2.057,-47.617,20.363502351020077,6.606675038351883,25.58036399499328,568.0,20,35.21482
285,-0.119,-40.647000000000006,-0.799,-27.863000000000003,-0.017,-48.161,20.31305806617999,6.630182540306607,26.72022614496171,570.0,20,35.21482
286,-0.357,-40.664,-0.6970000000000001,-27.659,2.023,-47.379000000000005,19.906702388894047,6.8448207477031175,26.95076247875335,572.0,20,35.21482
287,-0.323,-41.089000000000006,-0.663,-27.319000000000003,2.975,-46.121,19.15072447715752,6.850835040661698,29.39787844154293,574.0,20,35.21482
288,-0.119,-41.633,-0.8670000000000001,-28.951,3.723,-46.291,17.937215502970353,6.493807309705715,27.563322353763617,576.0,20,35.21482
289,0.085,-41.565000000000005,,,,,17.937215502970353,6.405294927252816,,578.0,20,35.21482
290,0.153,-41.225,0.085,-35.241,3.927000000000001,-44.557,10.077143444448929,6.410342130263921,34.5515524906413,580.0,20,35.21482
291,0.255,-41.701,-0.561,-34.459,3.723,-44.183,10.62585676545661,6.602509722662262,26.33642817698719,582.0,20,35.21482
292,0.153,-42.585,0.8330000000000001,-33.405,3.893,-43.571000000000005,10.616551040709972,6.385930888842533,24.39146577456961,584.0,20,35.21482
293,0.119,-42.245000000000005,0.629,-33.167,3.893,-44.455000000000005,11.75043148143931,6.370483390613942,22.92090650664968,586.0,20,35.21482
294,0.221,-42.585,-0.187,-34.153000000000006,3.927000000000001,-43.945,10.621123292759576,6.494796908930922,23.867136545980895,588.0,20,35.21482
295,0.255,-43.095000000000006,,,,,10.621123292759576,6.530708721465901,,590.0,20,35.21482
296,0.255,-42.721,-0.5950000000000001,-33.745000000000005,3.723,-43.367,10.546468982555252,6.502610700338177,34.29272643356894,592.0,20,35.21482
297,0.289,-43.435,0.663,-28.543000000000003,3.689,-42.959,14.73016401809566,6.235566477626696,29.06114864562208,594.0,20,35.21482
298,-0.255,-43.367,0.561,-29.427000000000003,3.519,-42.653000000000006,13.552742895812642,6.03006283698674,28.454178213003456,596.0,20,35.21482
299,-0.221,-43.401,0.5950000000000001,-30.209000000000003,3.3150000000000004,-42.449000000000005,12.538580461918327,6.165077829442395,29.143004892823352,598.0,20,35.21482
300,-0.051,-43.231,0.5950000000000001,-30.515,3.0770000000000004,-42.279,12.022978832219575,6.150718792570421,30.621027847104248,600.0,20,35.21482
301,0.119,-42.891000000000005,0.391,-29.257,2.023,-41.293000000000006,12.146140127629025,5.766797262558266,33.17782275167399,602.0,20,35.21482
302,0.187,-42.619,0.391,-29.393,1.649,-41.021,11.695851743246406,6.1054659186900615,32.80784370173487,604.0,20,35.21482
303,0.187,-42.789,0.493,-27.387,2.2270000000000003,-41.293000000000006,14.013693017902169,5.726870143936937,33.210689128574515,606.0,20,35.21482
304,0.289,-42.993,0.561,-30.515,2.601,-41.803,11.470856288873993,5.558418044667798,27.76171344735998,608.0,20,35.21482
305,0.357,-43.061,-0.051,-32.419000000000004,1.5810000000000002,-41.361,9.089707806084858,4.799244664982925,27.188164200259365,610.0,20,35.21482
306,0.187,-41.633,0.119,-32.657000000000004,0.085,-38.369,5.71210118957989,4.596475174393793,10.630516819902825,612.0,20,35.21482
307,0.289,-40.613,,,,,5.71210118957989,4.463901111468425,,614.0,20,35.21482
308,-0.051,-39.559000000000005,,,,,5.71210118957989,4.651610616251529,,616.0,20,35.21482
309,0.221,-38.777,,,,,5.71210118957989,4.658132449281396,,618.0,20,35.21482
310,-0.051,-37.961000000000006,0.561,-29.155,-0.425,-30.175,1.4186599310617043,5.065865223603646,1.848884896669946,620.0,20,35.21482
311,-0.051,-37.553,,,,,1.4186599310617043,4.490512931564028,,622.0,20,35.21482
312,-0.153,-37.961000000000006,,,,,1.4186599310617043,4.783781186753668,,624.0,20,35.21482
313,-0.085,-37.825,0.391,-29.155,0.391,-28.883000000000003,0.272,4.842734072175188,,626.0,20,35.21482
314,-0.051,-37.213,,,,,0.272,5.042938698175592,,628.0,20,35.21482
315,-0.187,-36.839000000000006,-0.663,-32.555,0.5950000000000001,-26.775,5.915316052418502,5.55120908909008,34.998249595368584,630.0,20,35.21482
316,-0.289,-36.567,0.289,-25.585,0.459,-25.109,0.5054463374088293,5.667325360964095,,632.0,20,35.21482
317,-0.153,-36.329,-0.7310000000000001,-31.025,0.221,-26.095,5.021075980305417,5.34392618929621,5.503723402496109,634.0,20,35.21482
318,-0.153,-35.717000000000006,-0.5950000000000001,-31.603,0.425,-23.443,8.22350290326452,6.176620499181423,39.13414733552733,636.0,20,35.21482
319,0.289,-35.003,0.051,-33.507000000000005,0.119,-23.307,10.200226664148204,5.86899511305987,22.31054982867733,638.0,20,35.21482
320,0.357,-34.221000000000004,0.391,-33.031000000000006,0.119,-21.607000000000003,11.427237636454404,6.518581703828938,12.389582592970404,640.0,20,35.21482
321,0.391,-34.289,-0.289,-33.711000000000006,0.255,-21.267000000000003,12.455885034793797,6.949585465656928,15.03243339711456,642.0,20,35.21482
322,0.357,-33.065000000000005,0.221,-32.521,0.459,-20.587,11.936372983448532,6.76417018031294,13.611182508213764,644.0,20,35.21482
323,0.459,-32.606,0.119,-20.043000000000003,0.255,-20.077,0.1401855912710004,6.86560946791227,,646.0,20,35.21482
324,0.357,-30.073,,,,,0.1401855912710004,7.838379115715789,,648.0,20,35.21482
325,0.289,-30.175,0.017,-17.731,0.8670000000000001,-36.839000000000006,19.126896350427582,7.700894283602738,19.75437839070795,650.0,20,35.21482
326,0.289,-32.385000000000005,-0.629,-22.933000000000003,-0.527,-40.409000000000006,17.476297662834657,5.679632788906553,18.276408316919152,652.0,20,35.21482
327,0.255,-30.923,0.629,-21.131,0.629,-36.329,15.198,5.706728858057963,16.143521733179934,654.0,20,35.21482
328,0.187,-30.549000000000003,-0.051,-19.227,0.663,-35.853,16.6413242261546,6.335773193507387,17.079010513698304,656.0,20,35.21482
329,0.255,-29.597,0.663,-18.139000000000003,0.901,-37.961000000000006,19.82342876497404,6.940747686801334,21.277034647513663,658.0,20,35.21482
330,0.221,-28.203000000000003,,,,,19.82342876497404,7.434067619331582,,660.0,20,35.21482
331,0.221,-26.435,0.629,-13.855,-0.153,-38.709,24.866299282362064,7.982162493990334,25.690184570638515,662.0,20,35.21482
332,0.153,-25.908,0.459,-14.263000000000002,-0.493,-39.253,25.00812675911573,7.746062551842119,,664.0,20,35.21482
333,0.255,-23.001,0.187,-11.985,0.799,-35.173,23.196074840369004,7.285337434859867,23.823560298618617,666.0,20,35.21482
334,0.255,-23.902,-0.221,-11.815,-0.663,-36.397000000000006,24.585973399481254,7.618854481870004,,668.0,20,35.21482
335,0.221,-21.947000000000003,0.425,-9.639,0.017,-33.269000000000005,23.63352203967915,8.350356722666112,24.471420771174483,670.0,20,35.21482
336,-0.051,-21.437,0.425,-7.599,0.425,-7.769,0.17,8.327721426854525,,672.0,20,35.21482
337,0.119,-20.111,0.255,-5.627000000000001,0.017,-34.085,28.458995203625868,9.085064444658704,32.07185340600447,674.0,20,35.21482
338,0.221,-18.989,0.493,-4.743,-0.187,-34.187000000000005,29.451851147253887,9.358446320289506,31.944371095863453,676.0,20,35.21482
339,0.221,-17.935000000000002,0.323,-3.961,0.119,-34.221000000000004,30.26068763263651,9.22516098079557,32.33669568075727,678.0,20,35.21482
340,0.119,-17.357000000000003,0.323,-3.723,-0.799,-30.923,27.22313141429545,8.548869134523475,29.37726633728816,680.0,20,35.21482
341,0.119,-15.113,0.017,-2.363,-0.119,-28.271,25.90835695292158,8.889884010499959,26.817092328559504,682.0,20,35.21482
342,0.119,-13.974,-0.221,-1.411,-0.663,-27.659,26.25172123880642,8.566076357598375,27.829033613219423,684.0,20,35.21482
343,-0.085,-12.563,0.289,0.5950000000000001,0.6970000000000001,-29.597,30.19475663091193,8.833811113982364,33.009641111765724,686.0,20,35.21482
344,-0.119,-12.529000000000002,0.357,1.207,0.357,-30.447000000000003,31.654000000000003,9.65221024631168,33.033114638592345,688.0,20,35.21482
345,-0.051,-10.727,0.357,3.0770000000000004,-0.6970000000000001,-29.359,32.453120219787806,10.028355439994908,34.79481426243887,690.0,20,35.21482
346,-0.051,-8.143,0.153,4.165,0.765,-28.849000000000004,33.0196720153305,9.496058377725904,33.89466597500071,692.0,20,35.21482
347,-0.085,-8.041,-0.017,3.4170000000000003,0.153,-28.441000000000003,31.85845357201131,9.184911200465995,32.93297600177586,694.0,20,35.21482
348,-0.119,-7.531000000000001,0.153,5.457000000000001,0.561,-28.645000000000003,34.10444059063277,9.724562820629686,34.96288190717993,696.0,20,35.21482
349,-0.119,-5.287000000000001,0.119,6.1370000000000005,0.085,-26.197000000000003,32.334017875915144,9.246407603729782,33.11143930211936,698.0,20,35.21482
350,-0.255,-14.025,0.085,-5.695,-0.527,-22.559,16.875101184881828,5.603747800321548,19.651057585867303,700.0,20,35.21482
351,-0.391,-13.821000000000002,-0.051,-7.157000000000001,-0.255,-18.207,11.05188291649889,4.706368858771837,11.850274632498015,702.0,20,35.21482
352,-0.527,-14.875000000000002,-0.085,-6.647,-0.051,-21.165000000000003,14.518039812591782,4.674285310630768,15.185727574238696,704.0,20,35.21482
353,-0.629,-13.651000000000002,-0.493,-4.4030000000000005,0.493,-18.513,14.144408647942834,5.11930871039588,15.965318316511816,706.0,20,35.21482
354,-0.629,-14.195,0.391,-5.355,0.425,-18.105,12.75004533325274,5.5298424312775145,14.82814695272162,708.0,20,35.21482
355,-0.629,-14.263000000000002,0.425,-5.219,0.425,-18.071,12.852,5.506114814803307,14.94070625704133,710.0,20,35.21482
356,-0.5950000000000001,-14.059,0.425,-6.035,0.527,-18.105,12.070430978221118,5.377958602543039,14.24506321192086,712.0,20,35.21482
357,-0.493,-12.325,0.357,-4.369000000000001,0.459,-17.935000000000002,13.56638345322732,5.009626759111134,15.733354361669493,714.0,20,35.21482
358,-0.425,-13.396,0.221,-2.669,-0.391,-18.921000000000003,16.263518930416012,6.183601758243926,17.327685211233078,716.0,20,35.21482
359,-0.425,-13.515,0.221,-3.961,-0.425,-18.955,15.007909647915662,6.024909646914888,16.03264945790914,718.0,20,35.21482
360,-0.561,-12.461,0.357,-2.7030000000000003,0.459,-18.003,15.300339996222307,6.437896779040467,18.08149216155696,720.0,20,35.21482
361,-0.391,-11.101,0.391,-1.139,0.493,-17.969,16.830309088070845,6.956303284341721,19.700436334886717,722.0,20,35.21482
362,-0.357,-11.067,0.459,0.425,-0.221,-18.377,18.814292545828028,7.674129699950615,23.319293654027327,724.0,20,35.21482
363,-0.357,-9.095,0.255,1.5470000000000002,-0.119,-19.533,21.08331748088996,8.35535890096331,22.385984070343994,726.0,20,35.21482
364,-0.323,-9.231,-0.493,2.125,-0.561,-20.247,22.37210334322636,8.569679088061855,22.906351853506997,728.0,20,35.21482
365,-0.357,-8.857000000000001,0.357,2.907,-0.221,-20.247,23.161213267011725,8.825685717808408,24.07809724642311,730.0,20,35.21482
366,-0.323,-6.579000000000001,-0.051,3.5530000000000004,-0.765,-20.179,23.74273825825488,8.116877153992398,24.354550493454823,732.0,20,35.21482
367,-0.085,-8.245000000000001,-0.629,-1.105,-0.017,-18.173,17.078968587124926,6.354624020123286,17.734020188408348,734.0,20,35.21482
368,0.085,-11.407,-0.119,-2.193,-0.187,-25.483,23.290099269861432,6.529734353959081,25.54701757425475,736.0,20,35.21482
369,-0.119,-10.931,-0.901,-0.017,0.085,-22.559,22.56355379810548,7.26901860383642,23.65499311033576,738.0,20,35.21482
370,-0.323,-10.183000000000002,0.323,0.7310000000000001,0.289,-27.897,28.62802019001664,8.367390247793653,30.15577937795125,740.0,20,35.21482
371,-0.323,-8.466000000000001,0.323,2.907,0.6970000000000001,-28.611,31.52021890786928,8.749923007350727,32.43274692472692,742.0,20,35.21482
372,-0.493,-8.959000000000001,-0.8330000000000001,2.397,0.425,-29.087000000000003,31.509122805943047,9.227760356613508,32.27330015494807,744.0,20,35.21482
373,-0.357,-7.157000000000001,0.289,4.131,0.7310000000000001,-27.591,31.72507916459784,9.47875240882831,33.011461174505065,746.0,20,35.21482
374,-0.051,-7.123,-0.085,4.7090000000000005,0.6970000000000001,-27.795,32.5134055429449,9.63262835619524,32.96661516191135,748.0,20,35.21482
375,-0.289,-6.103000000000001,-0.7310000000000001,5.865,0.221,-26.333,32.21207084308614,8.941101798245525,32.91342231428342,750.0,20,35.21482
376,-0.459,-5.083,-0.085,5.355,-0.459,-22.695,28.05249322252837,8.852103573666733,28.70692703797081,752.0,20,35.21482
377,-0.425,-4.913,0.119,7.667000000000001,-0.017,-24.599,32.266286616219105,9.176826938572887,32.93371191681728,754.0,20,35.21482
378,-0.425,-3.621,0.085,8.619,-0.085,-24.361,32.980438141419526,9.365078196955226,33.81014062003175,756.0,20,35.21482
379,-0.527,-3.043,-0.255,9.741,-0.8670000000000001,-23.375,33.121654548044546,9.522521993445134,34.11959301872965,758.0,20,35.21482
380,-0.357,-3.3150000000000004,0.119,9.741,-0.527,-22.525,32.27246615925099,9.18469473386995,34.03856336693764,760.0,20,35.21482
381,-0.085,0.8330000000000001,0.153,13.345,-0.085,-18.547,31.89288804733745,8.800245067295291,32.69690095037206,762.0,20,35.21482
382,-0.221,2.669,-0.289,15.147,-0.6970000000000001,-17.765,32.914528828467226,9.205905589888454,33.573564216974646,764.0,20,35.21482
383,0.017,3.825,0.085,16.405,-0.7310000000000001,-16.779,33.19403127069685,9.387321544416444,33.92721405229364,766.0,20,35.21482
384,-0.153,3.927000000000001,-0.153,17.051000000000002,-0.527,-16.099,33.15210967645951,9.636509100988976,34.316980588860474,768.0,20,35.21482
385,-0.187,4.335,0.255,16.915000000000003,-0.323,-15.759,32.67911198303895,9.936518453458692,34.92338177865492,770.0,20,35.21482
386,-0.017,6.681,0.221,18.139000000000003,0.561,-14.059,32.19979509251573,9.570756043562636,32.7244559480579,772.0,20,35.21482
387,-0.017,6.4430000000000005,-0.6970000000000001,17.323,-0.935,-11.033,28.356998783369164,8.994621474198226,29.07046957384981,774.0,20,35.21482
388,-0.085,7.157000000000001,0.187,18.819000000000003,-0.459,-12.971,31.796562958911142,9.037032650213348,32.76261935833324,776.0,20,35.21482
389,-0.119,7.157000000000001,-0.017,20.145000000000003,-0.8330000000000001,-13.141000000000002,33.29600054060548,9.702929195152436,34.2064245616618,778.0,20,35.21482
390,-0.255,8.823,-0.527,20.315,-0.5950000000000001,-11.509,31.82407264948973,9.053915614821223,32.51714090722507,780.0,20,35.21482
391,-0.153,10.659,0.085,21.301,0.323,-9.877,31.1789083837135,9.2751202449995,32.771929120137635,782.0,20,35.21482
392,-0.085,12.223,0.221,22.219,0.119,-9.299,31.518165048111545,9.97861371363731,32.355604573628234,784.0,20,35.21482
393,-0.391,15.725,-0.221,23.851000000000003,-0.323,-4.335,28.186184559106263,8.33219805746732,28.666154733517946,786.0,20,35.21482
394,-0.119,15.011,0.289,26.945,-0.085,-5.695,32.64214263800709,9.726567840094818,34.142820253928406,788.0,20,35.21482
395,-0.085,18.343,-0.799,30.073,0.051,-2.7030000000000003,32.78701993167418,9.765062464492631,33.877304276469324,790.0,20,35.21482
396,-0.119,18.581000000000003,-0.7310000000000001,30.209000000000003,-0.8330000000000001,-1.717,31.926162938881337,9.278777339074374,33.1502865350245,792.0,20,35.21482
397,-0.391,21.641,0.119,31.671000000000003,-0.493,12.869000000000002,18.81195758022009,8.83241000006552,19.44313250426309,794.0,20,35.21482
398,-0.459,20.927000000000003,-0.017,31.569000000000003,-0.357,12.835,18.737085045438636,9.059275763392904,19.35756329082157,796.0,20,35.21482
399,-0.289,21.165000000000003,-0.7310000000000001,32.861000000000004,-0.663,12.733,20.12811486453712,9.37572405953783,20.55001040197589,798.0,20,35.21482
400,-0.153,20.247,-0.8670000000000001,31.433000000000003,0.391,-0.765,32.22256612996551,9.645865202663414,33.26665444304023,800.0,20,35.21482
401,-0.119,21.913,-1.207,31.161,0.255,0.493,30.70282833877036,9.425962711261226,32.272881875813184,802.0,20,35.21482
402,-0.357,22.627,-0.8670000000000001,33.167,0.425,1.3430000000000002,31.850215697856743,9.553637487231915,33.413487150814966,804.0,20,35.21482
403,-0.493,24.803,-1.241,32.691,-0.663,12.631,20.06832539102353,8.631621822917833,21.894403741078705,806.0,20,35.21482
404,-0.561,23.579,-0.221,35.717000000000006,-1.037,3.111,32.61620903783884,9.161391572448885,33.78466858160683,808.0,20,35.21482
405,-0.357,24.803,-1.139,35.071000000000005,-1.037,4.777,30.29417171668505,8.986962366738505,32.66260661793818,810.0,20,35.21482
406,-0.323,27.489,-1.173,37.791,-0.221,12.801,25.00812675911573,8.43149049495091,25.5450096904675,812.0,20,35.21482
407,-0.289,30.753000000000004,-0.969,39.729000000000006,-0.425,12.869000000000002,26.8655082959545,7.450259537652894,27.41065127674004,814.0,20,35.21482
408,-0.255,29.223000000000003,-1.275,41.191,0.221,9.401,31.8251805336592,9.546009468651468,34.58995225681012,816.0,20,35.21482
409,-0.289,32.419000000000004,-0.8330000000000001,43.911,-0.357,11.577,32.337503490529386,8.924849769762602,32.81609791875786,818.0,20,35.21482
410,-0.323,32.997,-0.969,45.509,-0.425,12.869000000000002,32.644533018562235,9.14951103707087,33.18821114856474,820.0,20,35.21482
411,0.017,33.473,-1.853,46.359,-0.765,12.665,33.71156151826848,9.829309669245632,36.20630194402671,822.0,20,35.21482
412,-0.323,36.023,-3.825,45.679,0.051,15.453,30.473504097822424,8.539297023250178,32.999565209787406,824.0,20,35.21482
413,-0.527,35.207,-1.751,47.99100000000001,0.221,17.901,30.154549971770432,8.524560294338913,32.917613131427125,826.0,20,35.21482
414,-0.5950000000000001,35.717000000000006,-2.363,44.489,-0.357,18.989,25.57878097173515,8.3184435526569,26.84553257165937,828.0,20,35.21482
415,-0.357,35.547000000000004,-2.873,47.413,-0.187,18.105,29.430824996931367,8.940671539642027,33.06878171082344,830.0,20,35.21482
416,-0.357,35.241,-1.0710000000000002,47.821000000000005,-0.119,16.473000000000003,31.36245220004329,8.662890505137003,32.654405698451946,832.0,20,35.21482
417,-0.153,36.193000000000005,-1.377,47.617,-0.187,17.629,30.011601823294946,8.869687670489537,31.99941477034702,834.0,20,35.21482
418,-0.119,35.241,-1.513,47.617,-1.037,17.731,29.88979043084779,8.452343415716028,31.083606360540696,836.0,20,35.21482
419,-0.051,35.751000000000005,-2.057,47.515,0.153,19.941000000000003,27.662421730571605,8.10686474103194,28.90774536981156,838.0,20,35.21482
420,-0.255,35.479,-1.717,47.277,0.017,19.907,27.424872944099487,7.774398322728562,28.36826420605541,840.0,20,35.21482
421,0.051,36.533,-0.527,47.787000000000006,0.153,21.335,26.46073891636437,8.009159949732284,28.39826945990644,842.0,20,35.21482
422,0.017,37.927,-0.391,47.175,-0.119,24.259,22.91761418647238,7.1941495182177375,24.53015147607856,844.0,20,35.21482
423,-0.459,37.196000000000005,-0.663,47.685,-1.173,20.519,27.17078681231002,7.86002500178575,29.93864315374737,846.0,20,35.21482
424,-0.5950000000000001,36.737,-1.241,47.787000000000006,-0.425,22.253,25.54703528787636,7.88384962579424,27.39292992901245,848.0,20,35.21482
425,-0.323,38.539,1.105,46.699000000000005,-0.017,26.367,20.362934660799755,7.04340314374627,22.71928278556211,850.0,20,35.21482
426,-0.425,38.981,1.479,46.903000000000006,0.119,26.469,20.47920789483812,7.018998750169589,24.06531795217752,852.0,20,35.21482
427,-0.323,38.199000000000005,0.629,47.413,0.017,26.265,21.15685345225041,7.277845784788206,23.82109734344113,854.0,20,35.21482
428,-0.255,38.709,1.3090000000000002,45.781000000000006,-0.051,26.503000000000004,19.325912242375523,6.48004293565778,23.17525974822398,856.0,20,35.21482
429,-0.051,39.389,1.003,46.733,0.289,26.367,20.378512016337208,6.712681128838634,23.37791431791089,858.0,20,35.21482
430,-0.153,39.015,1.241,46.665000000000006,-0.153,26.197000000000003,20.51541517981052,6.583885970780833,22.95534240914212,860.0,20,35.21482
431,-0.255,42.245000000000005,1.173,46.019000000000005,0.289,40.239,5.8472092488639404,6.5800407686059605,11.617318129003904,862.0,20,35.21482
432,-0.119,41.361,0.7310000000000001,45.713,0.323,31.875000000000004,13.84401343541677,6.072577109174064,18.52006318232188,864.0,20,35.21482
433,-0.323,41.599,,,,,13.84401343541677,6.333872427110056,,866.0,20,35.21482
434,-0.119,41.055,,,,,13.84401343541677,5.392171175272685,,868.0,20,35.21482
435,-0.085,41.259,1.751,45.577000000000005,-0.323,31.399,14.328892490349698,5.745185265761878,23.26827623083273,870.0,20,35.21482
436,-0.119,41.803,1.411,44.829,-0.5950000000000001,31.569000000000003,13.410877525352324,5.234747920044826,21.01485617757887,872.0,20,35.21482
437,-0.051,41.361,1.921,45.815000000000005,-0.7310000000000001,35.241,10.901494392972005,5.288656109306855,16.234280169179232,874.0,20,35.21482
438,0.051,41.667,2.363,44.897000000000006,3.111,45.305,0.8520375578576335,5.576322186998915,1.1487750695358403,876.0,20,35.21482
439,-0.017,42.347,0.085,35.649,2.057,45.441,9.988595897322108,5.474328585717437,23.25278491732805,878.0,20,35.21482
440,-0.221,42.177,-0.221,31.467,2.499,43.775000000000006,12.604969813529902,5.913806556324566,21.928868264510346,880.0,20,35.21482
441,0.051,42.143,-0.663,32.351,0.663,40.953,8.703601553380073,5.454310440551862,26.85088651856115,882.0,20,35.21482
442,0.119,41.837,-0.901,31.705,-0.5950000000000001,32.147000000000006,0.5375872022286245,5.213533929188214,0.7222619200183942,884.0,20,35.21482
443,-0.017,41.803,-0.7310000000000001,34.085,0.119,32.385000000000005,1.9006577808748213,4.935328667725425,2.0354006888456904,886.0,20,35.21482
444,-0.051,40.647000000000006,-0.7310000000000001,32.317,-1.003,31.807,0.5780000000000001,4.931357722795156,0.6810368592032396,888.0,20,35.21482
445,-0.221,40.205000000000005,-0.187,35.309000000000005,0.289,33.337,2.0286350090639766,4.212891229317949,6.17472884400969,890.0,20,35.21482
446,-0.255,40.137,0.289,34.459,-1.037,31.909,2.874156571935496,4.13070541171123,,892.0,20,35.21482
447,-0.017,39.797,0.221,33.371,-0.8330000000000001,32.691,1.2543189387073768,3.956052251480807,,894.0,20,35.21482
448,-0.289,38.981,-0.187,31.365,-1.0710000000000002,31.943,1.0561912705566163,4.533177835512417,1.470947736697264,896.0,20,35.21482
449,-0.527,38.301,-0.629,33.269000000000005,0.221,33.609,0.9154780172128656,3.7710899137380736,2.2933773242953923,898.0,20,35.21482
450,-0.391,38.267,0.357,30.447000000000003,-1.275,32.181000000000004,2.3812139761054656,4.41312169783844,2.772659993854149,900.0,20,35.21482
451,-0.493,36.873000000000005,-0.221,28.135,-1.105,31.535000000000004,3.513040848040341,4.893840054967915,3.8511433077827664,902.0,20,35.21482
452,-0.5950000000000001,36.159000000000006,-2.329,44.523,-2.261,44.829,0.3134645115479582,5.34816880128896,25.77697904891573,904.0,20,35.21482
453,-0.663,34.969,-0.629,25.993,-1.207,31.331000000000003,5.369201802875359,5.053419547168165,6.324357363899948,906.0,20,35.21482
454,-0.5950000000000001,34.731,0.017,23.035,-1.037,31.331000000000003,8.362686888793577,5.868276944544484,9.232771141487978,908.0,20,35.21482
455,-0.561,34.323,0.255,22.763,-1.0710000000000002,31.331000000000003,8.67,6.084757343034345,9.659104687990444,910.0,20,35.21482
456,-0.357,34.833000000000006,-0.6970000000000001,23.851000000000003,-1.003,31.263,7.418313824583051,6.2508641901983655,8.355794227646744,912.0,20,35.21482
457,-0.459,33.643,-0.255,21.947000000000003,-1.989,44.727,22.84590020113018,6.679586479201898,24.63764361975883,914.0,20,35.21482
458,-0.289,34.289,-0.799,22.831000000000003,-0.799,31.263,8.432,6.500759453748522,9.820347704169585,916.0,20,35.21482
459,-0.289,35.105000000000004,0.153,23.783,-0.663,31.263,7.524377449330942,6.094478091660744,8.349442051023482,918.0,20,35.21482
460,-0.289,33.405,0.289,21.505000000000003,-0.935,35.853,14.400113888438522,6.902992559844738,18.374661669430907,920.0,20,35.21482
461,-0.153,32.487,0.357,21.301,-1.037,35.785000000000004,14.55092753057344,6.453133510236081,18.8685191840884,922.0,20,35.21482
462,-0.153,31.977000000000004,-0.391,20.145000000000003,-0.8670000000000001,37.859,17.720394239406755,6.792178415649352,23.972196334101923,924.0,20,35.21482
463,-0.221,31.263,-0.017,18.887,-0.459,31.331000000000003,12.45184725251639,7.40077828440586,13.62611571313394,926.0,20,35.21482
464,-0.255,30.549000000000003,-0.221,17.187,0.255,37.145,19.963675513291637,7.618860206386771,20.77911701265613,928.0,20,35.21482
465,-0.289,29.767000000000003,0.153,13.107,0.051,38.777,25.670202648206736,9.052357851862332,26.74965598333188,930.0,20,35.21482
466,-0.119,28.611,-0.051,14.025,-0.527,39.865,25.844383838660196,8.660026800553876,35.09584747221978,932.0,20,35.21482
467,-0.119,27.387,0.119,12.835,0.221,39.967000000000006,27.13219172864589,9.219092868280503,28.15648797114819,934.0,20,35.21482
468,-0.187,27.455,-0.969,12.155,-0.935,40.987,28.83202004716285,9.547475123903252,36.88973667738936,936.0,20,35.21482
469,-0.017,26.163,0.085,12.325,-0.5950000000000001,31.331000000000003,19.01816068919389,9.4906338847545,,938.0,20,35.21482
470,-0.085,26.197000000000003,-0.255,11.305,-1.445,42.143,30.860951767565435,9.30055537379318,35.75931364748029,940.0,20,35.21482
471,0.017,23.222,-0.119,10.795,-0.5950000000000001,43.639,32.84744909425997,9.206355730570705,33.59217683469608,942.0,20,35.21482
472,0.017,22.083,0.289,7.293,-0.459,41.565000000000005,34.280161726573,9.610105773448703,35.010613941286124,944.0,20,35.21482
473,-0.017,20.757,0.425,6.171,-0.357,41.497,35.33465437782009,10.2294072922413,36.13842286275524,946.0,20,35.21482
474,-0.085,18.547,0.289,4.7090000000000005,-0.051,39.117,34.40967980089324,10.4311705061162,35.98956782034135,948.0,20,35.21482
475,-0.255,16.949,-0.017,3.723,-0.629,37.621,33.90352412360698,9.767740789615369,34.90005403869314,950.0,20,35.21482
476,-0.119,15.963,0.391,1.717,-0.5950000000000001,36.839000000000006,35.13583754516178,10.201113931480394,35.77048993465771,952.0,20,35.21482
477,-0.119,14.127,0.391,-0.017,-0.357,35.445,35.469887905094936,10.624073104641148,36.37920418176841,954.0,20,35.21482
478,-0.221,12.699000000000002,0.527,-1.751,-0.969,32.895,34.67828329084357,10.745398371141516,36.64634155658544,956.0,20,35.21482
479,-0.119,9.452,0.425,-3.723,-1.037,26.231,29.989657550562328,10.47294947308135,31.074033485720232,958.0,20,35.21482
480,0.017,7.259,0.289,-5.083,-0.085,30.005000000000003,35.08999316044391,10.277499600769596,35.62412268102143,960.0,20,35.21482
481,-0.153,6.851000000000001,-0.969,-4.981000000000001,-0.085,24.973000000000003,29.96704142887649,8.82697524511896,30.845923445272614,962.0,20,35.21482
482,-0.085,6.613,-0.8330000000000001,-6.545000000000001,-0.119,25.619000000000003,32.171923971065205,9.55567211466261,33.31742572958213,964.0,20,35.21482
483,-0.221,5.729,0.051,-6.205,-0.289,12.529000000000002,18.737085045438636,9.470327068302412,19.62797034299559,966.0,20,35.21482
484,-0.255,4.607,-0.459,-6.511,-1.207,25.789,32.30865989173801,9.441638278128927,33.07992911165867,968.0,20,35.21482
485,-0.221,4.981000000000001,0.119,-5.559,-1.241,25.517000000000003,31.105745064216038,9.03209602210191,31.71210547523353,970.0,20,35.21482
486,-0.323,4.658,0.425,-6.715000000000001,-0.493,24.939,31.66730869524596,9.33903280583338,33.33001585606569,972.0,20,35.21482
487,-0.255,3.349,0.561,-9.571000000000002,-0.765,24.701,34.29764219301379,9.905078445220656,35.66380487890841,974.0,20,35.21482
488,-0.153,1.5470000000000002,0.527,-10.421,-0.527,23.205,33.64251465036465,9.45571391614654,34.36109459256656,976.0,20,35.21482
489,-0.085,1.564,0.527,-12.733,0.051,22.559,35.295209873295846,9.88129402656379,37.30801030941947,978.0,20,35.21482
490,-0.085,-0.153,-0.799,-12.529000000000002,0.323,16.269000000000002,28.819848854565496,8.856013894666411,29.537975590218288,980.0,20,35.21482
491,-0.187,-0.8330000000000001,0.527,-13.719,0.289,16.303,30.02294336003717,9.458805331871368,31.24909753677605,982.0,20,35.21482
492,-0.289,-3.5530000000000004,0.493,-15.147,-1.003,17.969,33.149773332558404,10.187590501442338,35.02417562772182,984.0,20,35.21482
493,-0.357,-3.0090000000000003,0.561,-15.487000000000002,-1.241,16.949,32.48601699193055,9.745686637596592,35.16552677014648,986.0,20,35.21482
494,-0.085,-5.389,0.357,-17.901,0.289,15.861,33.76206847928604,10.182632200228838,35.43488454485979,988.0,20,35.21482
495,-0.119,-6.715000000000001,0.663,-16.949,-0.221,10.591,27.554184001708347,8.668409947001857,29.03987607948619,990.0,20,35.21482
496,-0.119,-6.069000000000001,-0.6970000000000001,-17.153000000000002,-0.969,10.251,27.40534984268583,8.450952837987268,28.695718597981266,992.0,20,35.21482
497,-0.187,-7.123,-0.459,-19.601000000000003,-1.139,9.197,28.806027216539253,8.97479870895402,31.082599469669265,994.0,20,35.21482
498,-0.085,-8.313,0.323,-20.825000000000003,-1.105,9.027,29.886135380808277,9.874469015503813,33.20929526543966,996.0,20,35.21482
499,0.119,-11.135000000000002,,,,,29.886135380808277,9.55992594167715,,998.0,20,35.21482
500,0.187,-12.767,0.663,-24.157,-0.5950000000000001,5.729,29.91246496028036,8.885240865432955,31.404193929024807,1000.0,20,35.21482
501,0.153,-12.733,0.493,-25.279000000000003,0.425,3.4850000000000003,28.76408037813829,9.205720541627144,34.289199729493376,1002.0,20,35.21482
502,0.153,-14.603000000000002,0.323,-26.333,0.323,3.995,30.328000000000003,8.722930154604153,32.74171035208934,1004.0,20,35.21482
503,0.153,-15.657000000000002,0.425,-29.359,-1.037,1.683,31.07640918767804,9.160974972603409,34.080056889957405,1006.0,20,35.21482
504,0.221,-19.057,-0.289,-30.821,-0.391,-1.139,29.68217525721456,8.115382471399577,31.88567334218465,1008.0,20,35.21482
505,0.187,-19.975,0.493,-33.575,0.493,-1.683,31.892000000000003,9.42667993714862,35.678810479854185,1010.0,20,35.21482
506,0.085,-22.117,0.527,-34.799,0.527,-3.1790000000000003,31.62,9.525620721020724,35.80612040932192,1012.0,20,35.21482
507,0.017,-24.769,0.8670000000000001,-35.989000000000004,-0.425,-6.681,29.33646413595204,9.195512604634406,30.69097282760312,1014.0,20,35.21482
508,0.085,-25.483,0.289,-36.329,-0.935,-9.163,27.193560487733123,8.191579097285077,29.09139068822945,1016.0,20,35.21482
509,0.051,-24.429,0.8670000000000001,-38.777,-0.935,-8.381,30.44936813794336,9.395193543152772,31.982916521004785,1018.0,20,35.21482
510,0.187,-25.721,0.561,-38.063,-1.003,-8.653,29.451556767003,9.098793136311777,31.321855311617817,1020.0,20,35.21482
511,0.119,-26.537000000000003,0.527,-37.417,-0.7310000000000001,-5.9670000000000005,31.47514994404316,9.018335700792756,32.19774243075449,1022.0,20,35.21482
512,0.255,-26.775,0.935,-39.185,-0.935,-9.537,29.7069150872318,8.825375018208241,31.885646356182853,1024.0,20,35.21482
513,0.527,-30.634000000000004,1.649,-41.497,-0.799,-10.183000000000002,31.40954154393216,8.896092232854523,32.95109160642615,1026.0,20,35.21482
514,0.561,-30.141,-0.323,-41.701,-1.003,-13.821000000000002,27.88829144999744,8.401144988097585,32.407302596518406,1028.0,20,35.21482
515,0.493,-31.161,,,,,27.88829144999744,8.875669868818218,,1030.0,20,35.21482
516,0.357,-32.827000000000005,2.907,-44.387,0.187,-18.173,26.35473763861064,9.020656626189837,27.495029646034325,1032.0,20,35.21482
517,0.153,-35.377,3.0770000000000004,-45.917,-0.493,-15.317000000000002,30.80754615349947,8.491246240158148,32.03816329259316,1034.0,20,35.21482
518,-0.017,-35.615,1.479,-47.651,-0.153,-16.745,30.949059113323628,8.935405689579616,32.33398803333324,1036.0,20,35.21482
519,-0.425,-36.703,0.527,-48.43300000000001,-0.663,-16.337,32.11805280523712,9.39282235555623,34.181523785695205,1038.0,20,35.21482
520,-0.119,-36.465,0.527,-47.855,-0.8330000000000001,-16.031000000000002,31.85304657328715,9.30920439517864,33.32001301038188,1040.0,20,35.21482
521,-0.153,-36.125,0.323,-47.719,-0.017,-15.997000000000002,31.723822026987857,9.33688129057875,33.3236265817847,1042.0,20,35.21482
522,-0.119,-35.989000000000004,0.187,-47.787000000000006,0.5950000000000001,-16.269000000000002,31.52064066607784,9.261868403282213,32.77042435872482,1044.0,20,35.21482
523,0.255,-35.955000000000005,0.629,-48.229000000000006,0.051,-15.453,32.78109607685503,9.642836327145847,34.81743924410363,1046.0,20,35.21482
524,0.255,-35.003,-0.153,-48.025000000000006,0.561,-15.521,32.51184110443455,9.943977490068937,34.24333582208357,1048.0,20,35.21482
525,0.289,-35.173,0.527,-47.957,0.561,-15.317000000000002,32.64001770832853,9.639852965499031,34.737557584975626,1050.0,20,35.21482
526,0.255,-35.275000000000006,0.459,-47.685,-0.969,-16.439,31.278614099732746,8.870931852821203,32.97651683280205,1052.0,20,35.21482
527,-0.119,-38.029,-0.8330000000000001,-48.127,-0.425,-20.451,27.6790072076294,8.515449148338933,29.527290263843888,1054.0,20,35.21482
528,-0.153,-37.825,0.221,-48.195,-0.425,-19.329,28.873227599283044,8.327177577994908,30.13528868383009,1056.0,20,35.21482
529,-0.289,-36.805,0.493,-47.719,-0.085,-20.145000000000003,27.58005728783028,8.12594590205557,28.85379396505791,1058.0,20,35.21482
530,-0.289,-37.315000000000005,0.051,-47.855,-0.8330000000000001,-19.975,27.8940111134989,8.118079849211654,28.84116523277516,1060.0,20,35.21482
531,-0.221,-36.771,0.119,-47.481,0.425,-20.077,27.40570838347369,8.098124498172854,28.734945231364748,1062.0,20,35.21482
532,0.153,-37.587,,,,,27.40570838347369,8.561722044163384,,1064.0,20,35.21482
533,0.357,-36.601,0.323,-47.515,0.391,-18.717,28.798080283241102,8.451637272086018,30.613689432331576,1066.0,20,35.21482
534,-0.153,-37.077000000000005,-0.255,-47.855,0.357,-19.363000000000003,28.49857203440201,8.743394508287684,30.7141739303682,1068.0,20,35.21482
535,-0.187,-38.335,-0.663,-47.617,-0.7310000000000001,-21.845,25.7720897096064,7.54730858969683,28.304057295619486,1070.0,20,35.21482
536,-0.153,-37.689,1.3430000000000002,-47.855,-0.8330000000000001,-28.917,19.062602655461298,7.846838380857506,20.499107501002264,1072.0,20,35.21482
537,-0.255,-37.961000000000006,2.261,-47.787000000000006,-0.391,-23.069000000000003,24.859859774343057,7.249493340937303,26.738595649567888,1074.0,20,35.21482
538,-0.255,-37.009,3.791,-45.917,-0.527,-23.205,23.11882497014068,7.354699414855479,28.615941253462765,1076.0,20,35.21482
539,-0.187,-36.465,0.425,-46.121,-0.085,-22.729000000000003,23.39755893250405,6.658787035069555,25.510269342145243,1078.0,20,35.21482
540,-0.051,-36.499,0.051,-48.501000000000005,0.017,-25.755000000000003,22.746025411047096,6.852278241865678,24.205721151787998,1080.0,20,35.21482
541,-0.051,-37.213,0.357,-47.99100000000001,0.289,-23.307,24.684093663734146,7.31506279594456,27.526664631102697,1082.0,20,35.21482
542,-0.187,-37.417,-3.0770000000000004,-42.891000000000005,-0.6970000000000001,-25.381,17.67100732838963,5.754304917855792,22.90624910206467,1084.0,20,35.21482
543,0.119,-36.397000000000006,-2.329,-45.339000000000006,-0.085,-23.987,21.46959338226973,6.223626391028774,24.138967026786087,1086.0,20,35.21482
544,-0.119,-37.247,-0.323,-47.039,-0.153,-24.429,22.6106390887122,6.89796663356964,26.541700797870867,1088.0,20,35.21482
545,-0.085,-37.723000000000006,-0.187,-48.501000000000005,-0.8670000000000001,-24.667,23.843698454728035,7.274250179133428,29.05177201806879,1090.0,20,35.21482
546,-0.051,-37.553,2.7710000000000004,-47.141000000000005,-0.6970000000000001,-23.069000000000003,24.3205305863174,7.365006036866903,28.24026466484028,1092.0,20,35.21482
547,0.017,-38.573,2.805,-46.767,-0.7310000000000001,-22.321,24.70040914640889,7.749729994925459,27.58888706316573,1094.0,20,35.21482
548,-0.085,-38.913,2.7710000000000004,-47.583000000000006,-0.765,-22.389000000000003,25.44093025028763,7.833970865599639,27.96656220348596,1096.0,20,35.21482
549,0.051,-37.927,1.139,-47.685,-0.799,-21.947000000000003,25.81085988493991,7.694566181740287,27.413505893762228,1098.0,20,35.21482
550,0.289,-38.641000000000005,0.357,-48.501000000000005,-0.901,-20.995,27.534752586504208,8.01628148827526,30.33701620427416,1100.0,20,35.21482
551,0.085,-38.131,-1.173,-47.99100000000001,-0.425,-19.805,28.19592346421731,8.552730221879383,31.30569327115412,1102.0,20,35.21482
552,-0.085,-37.723000000000006,-0.901,-47.99100000000001,-0.799,-18.275,29.71617505669261,8.638220363643857,31.463511842823756,1104.0,20,35.21482
553,-0.391,-37.859,-0.663,-48.059000000000005,-0.935,-18.615,29.44525632423668,8.503720205092856,31.67756009787959,1106.0,20,35.21482
554,-0.357,-37.587,-0.8670000000000001,-48.025000000000006,0.187,-20.111,27.933891816214945,8.39556838941611,30.150534699739964,1108.0,20,35.21482
555,-0.459,-37.519000000000005,0.935,-48.43300000000001,-0.289,-17.901,30.556524671500195,9.026184457678765,32.46217394763772,1110.0,20,35.21482
556,0.561,-36.941,0.629,-48.467000000000006,0.221,-17.697000000000003,30.772704853489888,8.948265546736009,32.129883609923425,1112.0,20,35.21482
557,0.391,-36.567,0.289,-48.025000000000006,-0.119,-17.629,30.3987381317054,8.882967021624214,31.958918818060184,1114.0,20,35.21482
558,0.425,-37.111,-0.357,-47.413,0.323,-20.145000000000003,27.276477485188597,8.07423911136863,28.742738541528567,1116.0,20,35.21482
559,-0.221,-36.159000000000006,-0.255,-48.195,-0.7310000000000001,-16.473000000000003,31.72557107445034,9.164812219581425,34.25005888460256,1118.0,20,35.21482
560,-0.153,-36.227,-1.717,-47.923,0.527,-15.861,32.140432168843034,9.229074649435397,34.367052031453646,1120.0,20,35.21482
561,-0.391,-35.581,2.057,-47.99100000000001,-0.901,-16.405,31.72420463936015,8.937145372206325,34.742406684558446,1122.0,20,35.21482
562,0.187,-36.567,0.459,-47.889,-0.391,-15.929,31.971301193414075,9.13507441113052,32.9463422643197,1124.0,20,35.21482
563,-0.357,-36.431,1.3430000000000002,-47.685,0.561,-15.725,31.96956558979181,9.312490634441447,33.87554643167027,1126.0,20,35.21482
564,-0.391,-37.791,0.255,-47.753,0.051,-16.541,31.21266665954705,9.188790747475164,33.183543428295195,1128.0,20,35.21482
565,-0.391,-37.315000000000005,2.669,-47.685,-0.153,-16.337,31.47476430412149,9.440682257791732,34.68708608417138,1130.0,20,35.21482
566,-0.255,-37.621,2.2270000000000003,-47.583000000000006,0.425,-20.519,27.12392486348537,8.946416892623557,29.86941053406406,1132.0,20,35.21482
567,0.085,-38.505,0.153,-47.311,0.255,-19.873,27.43818959042305,8.102478499838007,30.12635952615107,1134.0,20,35.21482
568,-0.119,-37.621,-0.561,-48.161,-0.6970000000000001,-19.771,28.390325746634183,8.544920658251328,30.94532221843856,1136.0,20,35.21482
569,-0.255,-37.74,-0.051,-47.957,-0.8670000000000001,-22.933000000000003,25.03730081298701,7.777848527618581,26.519355423409213,1138.0,20,35.21482
570,-0.391,-40.290000000000006,0.6970000000000001,-47.379000000000005,-0.8330000000000001,-28.067000000000004,19.37251258871704,6.884803161992917,21.293597132059094,1140.0,20,35.21482
571,-0.493,-38.573,-0.051,-48.331,-0.765,-22.797,25.54398073910956,7.990465971276915,28.100585026368165,1142.0,20,35.21482
572,-0.493,-38.335,-0.187,-48.161,-0.765,-20.281,27.88599081976468,8.076109262786831,29.175648608408345,1144.0,20,35.21482
573,-0.323,-38.709,1.411,-48.297,-0.323,-18.785,29.562897354623413,8.81329737536929,33.00306043711409,1146.0,20,35.21482
574,-0.153,-38.25,-1.139,-48.059000000000005,-0.187,-21.199,26.87686559106177,7.812224120019693,31.16563267247669,1148.0,20,35.21482
575,-0.323,-38.284000000000006,-1.785,-44.897000000000006,0.153,-25.721,19.27368205610957,6.381464243765462,22.85250724357577,1150.0,20,35.21482
576,-0.119,-38.539,-2.397,-46.155,0.153,-26.129,20.187698630601755,6.8064233300552,23.26604523870425,1152.0,20,35.21482
577,-0.255,-38.913,0.459,-48.399,-0.187,-25.007,23.40091835804741,7.649691236188397,26.0678602163184,1154.0,20,35.21482
578,-0.289,-38.301,-0.425,-46.359,-0.187,-25.143,21.217334893902205,6.744465248105253,23.829117142339065,1156.0,20,35.21482
579,-0.085,-37.927,0.187,-45.509,0.221,-30.073,15.436037444888504,4.714131946047508,16.593289307059162,1158.0,20,35.21482
580,0.255,-38.777,0.7310000000000001,-48.195,-0.663,-26.911,21.329601308979036,6.964839642978113,22.742235484170592,1160.0,20,35.21482
581,0.323,-39.661,-0.629,-48.127,-0.051,-28.237,19.89839651831273,6.8596895638657305,22.684452132991723,1162.0,20,35.21482
582,0.425,-39.117,-0.8330000000000001,-48.263000000000005,-0.8670000000000001,-22.831000000000003,25.432022727262574,8.038393987883905,30.9411818251769,1164.0,20,35.21482
583,0.357,-38.675,-1.003,-47.923,0.255,-21.335,26.617744231996824,7.900037043151654,32.23135545894632,1166.0,20,35.21482
584,0.017,-38.743,-0.901,-46.155,-0.323,-28.339,17.825373488373252,6.59984430446841,20.395612312730343,1168.0,20,35.21482
585,-0.119,-38.913,-1.5470000000000002,-47.447,-0.663,-28.407000000000004,19.060510381414243,6.493736385450461,21.163315146834112,1170.0,20,35.21482
586,0.153,-40.511,-2.057,-46.495000000000005,-0.051,-33.677,12.974018652676587,6.254788222830079,15.171390481298394,1172.0,20,35.21482
587,-0.187,-40.069,-2.329,-45.407,-0.289,-27.387,18.13510408020864,6.70558430689119,23.751711462244216,1174.0,20,35.21482
588,-0.289,-40.205000000000005,-1.887,-46.801,-0.663,-24.565,22.269662592863863,6.37841767312623,27.939387325638933,1176.0,20,35.21482
589,0.5950000000000001,-40.970000000000006,-0.323,-47.821000000000005,0.663,-33.745000000000005,14.11049155770273,5.518127954920266,16.36227915931609,1178.0,20,35.21482
590,0.323,-40.885000000000005,-1.853,-47.141000000000005,0.289,-32.317,14.977955134129626,5.786456452652867,17.42427597576127,1180.0,20,35.21482
591,-0.119,-40.783,-2.635,-45.849,-0.119,-28.475,17.55523090135815,6.254984742059444,21.74034190271968,1182.0,20,35.21482
592,-0.153,-39.253,-1.921,-46.053,-0.051,-24.055000000000003,22.07733915126549,7.012827676427864,25.12916453032504,1184.0,20,35.21482
593,-0.425,-40.647000000000006,-1.683,-46.155,0.493,-26.265,20.00867501860131,7.677575212836887,23.40260563860308,1186.0,20,35.21482
594,-0.323,-39.253,-1.717,-45.815000000000005,-0.8330000000000001,-25.585,20.24930507449577,6.801120095181815,25.664630346111597,1188.0,20,35.21482
595,-0.459,-41.463,,,,,20.24930507449577,6.634471478314639,,1190.0,20,35.21482
596,-0.6970000000000001,-42.483,-2.805,-45.237,-0.085,-31.263,14.236259199663372,6.736898043761935,20.96100026710653,1192.0,20,35.21482
597,-0.629,-43.877,-2.9410000000000003,-44.217000000000006,-0.255,-32.793,11.7355175429122,5.0267305762874654,19.61040649424213,1194.0,20,35.21482
598,-0.663,-42.517,-3.2470000000000003,-44.965,-0.561,-32.657000000000004,12.59767676994453,4.749127287846406,18.77892637959948,1196.0,20,35.21482
599,-0.663,-42.619,-2.023,-41.429,-0.289,-33.065000000000005,8.54185296057009,4.772441911342324,22.420239905636585,1198.0,20,35.21482
600,-0.561,-42.721,-3.213,-42.857000000000006,-0.7310000000000001,-34.833000000000006,8.399101142384225,4.537168217786768,18.67894642693993,1200.0,20,35.21482
601,-0.561,-42.279,-3.281,-45.543000000000006,-0.323,-34.357,11.570495235727812,4.144675541294004,17.444392892035914,1202.0,20,35.21482
602,-0.5950000000000001,-42.245000000000005,-1.003,-40.987,-0.459,-36.159000000000006,4.858551224387781,3.5901792788604547,7.1243468437861415,1204.0,20,35.21482
603,-0.5950000000000001,-42.449000000000005,-0.6970000000000001,-40.851000000000006,-0.493,-35.275000000000006,5.579730459439776,3.5158079085325986,6.794316467344573,1206.0,20,35.21482
604,-0.561,-42.211000000000006,,,,,5.579730459439776,3.4850215600311545,,1208.0,20,35.21482
605,-0.799,-42.993,,,,,5.579730459439776,3.555744047975547,,1210.0,20,35.21482
606,-0.527,-42.313,-3.145,-43.061,0.561,-34.017,9.773861672849684,3.2318215492848608,21.142789167948045,1212.0,20,35.21482
607,-0.323,-42.891000000000005,-2.9410000000000003,-46.597,-0.425,-34.221000000000004,12.62915800835511,3.620601185384959,20.85217338256789,1214.0,20,35.21482
608,-0.119,-43.537000000000006,1.955,-45.033,0.119,-35.139,10.062908724618346,3.330677754801637,15.481148820742352,1216.0,20,35.21482
609,-1.173,-44.285,4.063000000000001,-44.455000000000005,-0.663,-36.907,8.905469106116758,2.6169304275493874,17.529706879398596,1218.0,20,35.21482
610,-0.5950000000000001,-44.829,4.097,-43.979000000000006,-0.289,-38.675,6.882544006397635,2.5527376099793315,17.733680294070094,1220.0,20,35.21482
611,-0.425,-44.897000000000006,3.961,-43.911,-0.425,-40.035,5.853236028044658,2.494022495015667,17.341205949348456,1222.0,20,35.21482
612,0.085,-44.931,3.655,-44.149,-0.663,-38.573,7.052439294315124,2.57027693706146,14.87204170257334,1224.0,20,35.21482
613,0.119,-44.659000000000006,3.723,-43.231,-0.425,-38.369,6.391005241744057,2.531969902595588,8.47734427728101,1226.0,20,35.21482
614,-0.561,-44.999,3.723,-43.129000000000005,0.255,-39.355,5.125436566771654,2.5606642308271867,6.998000207999869,1228.0,20,35.21482
615,0.357,-45.747,3.791,-43.231,-0.5950000000000001,-39.763000000000005,5.591423790055625,2.758741019815817,12.00413981327329,1230.0,20,35.21482
616,0.425,-44.591,-3.281,-45.917,-0.391,-39.049,7.451276669135296,2.362823121172416,14.531109734791984,1232.0,20,35.21482
617,0.085,-43.707,0.527,-37.655,3.519,-43.027,6.149020084533796,2.591430981576709,10.953710505431394,1234.0,20,35.21482
618,-0.357,-43.435,-3.0770000000000004,-45.679,-0.085,-37.111,9.075389137662365,2.849404396695307,12.01865631240692,1236.0,20,35.21482
619,-0.119,-44.319,-0.459,-36.975,3.757,-43.265,7.572235865317456,3.1067648484508084,14.888955014409618,1238.0,20,35.21482
620,-0.221,-44.353,-0.6970000000000001,-36.873000000000005,3.859,-43.503,8.044503465099632,2.9783414556624663,14.60338330087973,1240.0,20,35.21482
621,0.085,-44.183,-2.7030000000000003,-46.563,-0.119,-38.437000000000005,8.526953265967864,2.541336383054554,9.673347762955313,1242.0,20,35.21482
622,0.119,-43.911,-0.323,-37.145,2.601,-41.633,5.356483921379771,2.8479023565016823,13.112991798589364,1244.0,20,35.21482
623,-0.255,-43.129000000000005,-0.391,-37.349,-2.805,-46.563,9.52497727031409,3.21094254719167,11.417570701990924,1246.0,20,35.21482
624,-0.255,-43.333000000000006,-0.493,-35.785000000000004,1.139,-42.279,6.695928613717444,2.698165854240324,8.493059935334466,1248.0,20,35.21482
625,0.255,-43.843,-0.6970000000000001,-36.703,-0.901,-47.617,10.915906375560391,2.889359800586108,12.605017138161244,1250.0,20,35.21482
626,0.323,-43.639,0.085,-34.221000000000004,-0.935,-47.923,13.73991280903922,3.243530248538521,15.242777371458258,1252.0,20,35.21482
627,0.187,-43.639,-0.493,-35.717000000000006,2.907,-46.835,11.626260103747896,2.6639934317098377,12.592367068028432,1254.0,20,35.21482
628,0.187,-43.401,-0.391,-36.533,2.397,-47.243,11.066934715629255,2.3431781998756125,11.952247185560234,1256.0,20,35.21482
629,0.153,-43.639,-0.323,-36.805,1.377,-47.719,11.045605279929209,2.685647937971709,13.35897090488457,1258.0,20,35.21482
630,0.153,-43.29900000000001,-0.425,-36.397000000000006,1.003,-47.379000000000005,11.074452943599518,2.454365637043852,12.124045762690644,1260.0,20,35.21482
631,0.255,-43.435,-0.391,-36.363,0.357,-47.923,11.584174722439233,2.5629538702372585,13.093947640772768,1262.0,20,35.21482
632,0.119,-43.503,-0.527,-36.431,-0.6970000000000001,-47.821000000000005,11.39126858607065,2.7481209887963427,13.768000224494529,1264.0,20,35.21482
633,0.153,-43.401,0.323,-36.499,-0.527,-47.923,11.455578379112948,2.830476341484345,14.22828894309227,1266.0,20,35.21482
634,0.153,-43.605,0.323,-37.077000000000005,0.357,-47.753,10.676054139990113,2.688744955285109,12.792124700597746,1268.0,20,35.21482
635,-0.391,-43.571000000000005,-0.357,-36.873000000000005,0.901,-48.263000000000005,11.459261058200918,2.579152278176492,13.248700280529812,1270.0,20,35.21482
636,0.187,-43.639,-0.459,-37.485,0.8330000000000001,-48.467000000000006,11.057738828530905,2.513793031235405,11.967452667063831,1272.0,20,35.21482
637,0.357,-43.707,-0.425,-37.451,-0.561,-48.229000000000006,10.778858010012009,2.757965096209764,15.001869421192852,1274.0,20,35.21482
638,-0.187,-43.673,0.187,-41.463,-1.479,-47.413,6.178839373215654,2.5394810499734475,21.539212369989283,1276.0,20,35.21482
639,0.119,-43.945,2.601,-46.461000000000006,1.819,-47.651,1.4239466282132909,2.7849062145733763,1.5831163877880277,1278.0,20,35.21482
640,-0.289,-44.217000000000006,2.805,-46.325,1.3430000000000002,-47.345000000000006,1.782650835132893,2.441680770887724,2.171114528439606,1280.0,20,35.21482
641,-0.221,-44.285,1.0710000000000002,-47.481,-0.221,-40.919,6.687982356436058,2.3109278407044407,8.338098708230984,1282.0,20,35.21482
642,-0.085,-44.285,-0.8670000000000001,-47.719,0.153,-41.395,6.405729934987894,2.6612767421359456,10.549041862052423,1284.0,20,35.21482
643,-0.153,-44.183,-0.935,-48.059000000000005,0.255,-42.211000000000006,5.9678475181592905,2.4155489240428243,8.612395136126434,1286.0,20,35.21482
644,-0.5950000000000001,-43.707,,,,,5.9678475181592905,2.315699073409156,,1288.0,20,35.21482
645,-0.153,-43.503,,,,,5.9678475181592905,2.300224521017088,,1290.0,20,35.21482
646,0.017,-44.183,,,,,5.9678475181592905,2.664998071614606,,1292.0,20,35.21482
647,0.629,-44.625,-2.091,-46.597,0.8670000000000001,-42.585,4.984566982196147,2.5099540700032765,6.567739520381697,1294.0,20,35.21482
648,0.765,-44.489,,,,,4.984566982196147,2.32249012979659,,1296.0,20,35.21482
649,0.391,-44.387,-2.669,-43.605,1.0710000000000002,-43.163,3.76602761540592,2.2750910580206307,5.77307540228936,1298.0,20,35.21482
650,0.663,-44.591,-3.145,-43.435,1.5810000000000002,-43.333000000000006,4.727100591271568,2.3355336370393043,7.155900706008991,1300.0,20,35.21482
651,0.561,-45.203,-2.9410000000000003,-46.087,-0.221,-41.73500000000001,5.132085735838793,2.476832426780484,16.813390331476782,1302.0,20,35.21482
652,1.377,-44.625,-2.397,-47.039,2.329,-44.455000000000005,5.386291117271699,2.6197233996613787,17.62014233122501,1304.0,20,35.21482
653,2.125,-44.693000000000005,,,,,5.386291117271699,2.5784518170768704,,1306.0,20,35.21482
654,1.785,-44.387,-3.4170000000000003,-45.305,1.6150000000000002,-41.633,6.22933447488574,2.53851017826182,14.138427953626332,1308.0,20,35.21482
655,1.5810000000000002,-44.523,-3.281,-45.203,1.5470000000000002,-45.033,4.830992030628907,2.4768000906376524,21.948991217595815,1310.0,20,35.21482
656,1.207,-44.523,-3.281,-44.727,0.663,-42.653000000000006,4.45607585213717,2.632296960020095,14.963927164689334,1312.0,20,35.21482
657,1.105,-45.033,-3.2470000000000003,-45.441,0.799,-42.517,4.991982772406171,2.835688408588467,15.286757209305732,1314.0,20,35.21482
658,0.935,-44.931,-2.975,-46.087,-0.221,-42.585,4.455167785841517,2.684495015208513,21.39121221438661,1316.0,20,35.21482
659,0.425,-45.067,-3.2470000000000003,-43.163,0.017,-42.823,3.2816605552677145,2.7858515908157644,24.847141348185577,1318.0,20,35.21482
660,0.493,-44.931,-3.281,-43.367,0.6970000000000001,-43.231,3.9803241074063305,2.7183820146810507,7.064855266568907,1320.0,20,35.21482
661,0.969,-45.135000000000005,-2.125,-47.277,-0.255,-43.605,4.120738283366222,2.377540204375183,14.759357642259868,1322.0,20,35.21482
662,0.289,-44.149,-0.969,-47.753,0.289,-39.695,8.155607150911575,2.316127163195321,13.737223086690395,1324.0,20,35.21482
663,0.425,-43.095000000000006,2.567,-47.787000000000006,-0.935,-41.191,7.468013122645139,2.7470699845471724,11.580870096126128,1326.0,20,35.21482
664,0.5950000000000001,-41.73500000000001,0.799,-44.523,2.8390000000000004,-42.211000000000006,3.0833332612612607,1.3358797936555995,6.332979070405941,1328.0,20,35.21482
665,-0.629,-43.197,-0.459,-47.345000000000006,3.0770000000000004,-43.265,5.399045841627945,2.1089282160040037,10.954350981515612,1330.0,20,35.21482
666,-1.241,-43.979000000000006,-0.119,-45.203,3.213,-42.245000000000005,4.455556979772562,2.283653671861988,7.9348227270628815,1332.0,20,35.21482
667,-1.445,-43.639,-3.1790000000000003,-45.237,1.479,-41.803,5.786995766371357,1.6143343346283798,6.482972856455351,1334.0,20,35.21482
668,-1.5810000000000002,-43.639,-3.3150000000000004,-45.407,1.105,-41.497,5.901228685621326,2.0632716398351607,6.89266099155658,1336.0,20,35.21482
669,-1.0710000000000002,-44.319,-1.819,-45.917,3.111,-44.285,5.193103503686404,2.2123318375024987,9.401859402237752,1338.0,20,35.21482
670,-1.037,-45.441,0.391,-45.543000000000006,3.791,-44.86300000000001,3.467333269243094,2.5003871688599624,14.65428767726211,1340.0,20,35.21482
671,-0.527,-45.101000000000006,1.0710000000000002,-46.597,2.9410000000000003,-44.353,2.921033378789089,2.4270128185212814,13.514753914046056,1342.0,20,35.21482
672,0.051,-45.407,1.445,-46.733,3.043,-46.393,1.633769873635819,2.91824227755078,20.71399904676538,1344.0,20,35.21482
673,1.037,-45.577000000000005,-0.255,-47.719,1.241,-45.169,2.9564363683326587,3.2451379802007803,3.40028182454823,1346.0,20,35.21482
674,0.969,-45.237,0.085,-47.005,0.323,-46.801,0.3134645115479582,2.920473940671954,21.07486555875766,1348.0,20,35.21482
675,0.425,-44.931,,,,,0.3134645115479582,2.794447515275868,,1350.0,20,35.21482
676,1.037,-44.761,0.8670000000000001,-43.027,1.955,-48.059000000000005,5.148278158763375,3.179693527044065,6.048305989008042,1352.0,20,35.21482
677,0.969,-44.659000000000006,,,,,5.148278158763375,3.0503930451138723,,1354.0,20,35.21482
678,-0.187,-44.387,2.8390000000000004,-41.803,3.349,-46.155,4.38178091647677,2.9025930262643627,5.163797822200899,1356.0,20,35.21482
679,0.187,-44.761,,,,,4.38178091647677,2.893408219841385,,1358.0,20,35.21482
680,0.935,-44.931,,,,,4.38178091647677,3.049451701022196,,1360.0,20,35.21482
681,0.969,-44.795,,,,,4.38178091647677,3.0204797520566613,,1362.0,20,35.21482
682,1.139,-44.897000000000006,,,,,4.38178091647677,3.00903367002252,,1364.0,20,35.21482
683,1.207,-44.693000000000005,2.635,-47.583000000000006,0.561,-47.413,2.0809555497415126,2.849043588993516,7.536572152124178,1366.0,20,35.21482
684,0.935,-43.741,3.281,-46.42700000000001,3.2470000000000003,-45.407,1.0205665093466472,2.7341524656459795,11.222056346845136,1368.0,20,35.21482
685,1.5810000000000002,-44.387,-1.037,-47.889,3.587,-45.475,5.216202833479542,3.1036321123780013,11.720277674328928,1370.0,20,35.21482
686,0.799,-44.659000000000006,3.451,-46.529,4.097,-44.897000000000006,1.755203691883082,3.0903737770247828,7.07113698306871,1372.0,20,35.21482
687,0.493,-44.149,-0.629,-48.059000000000005,3.927000000000001,-45.271,5.341355633170291,2.720781916231111,8.014420769063367,1374.0,20,35.21482
688,0.901,-44.795,-1.037,-46.257000000000005,-0.221,-41.837,4.494691980547722,2.938884998477434,9.809414669753732,1376.0,20,35.21482
689,1.717,-44.353,0.527,-47.753,0.629,-47.583000000000006,0.1982523644247402,3.202880636163382,0.2518899385227634,1378.0,20,35.21482
690,0.493,-45.135000000000005,-1.717,-46.223000000000006,-0.527,-41.293000000000006,5.071587522659942,3.293920679522675,12.07284942016168,1380.0,20,35.21482
691,0.085,-45.135000000000005,,,,,5.071587522659942,3.307841882224064,,1382.0,20,35.21482
692,0.255,-45.237,-3.0090000000000003,-45.917,-0.561,-41.361,5.172024748587346,3.274313714128696,7.591841418762182,1384.0,20,35.21482
693,0.6970000000000001,-45.135000000000005,-2.499,-46.495000000000005,3.655,-45.781000000000006,6.1952814302499615,2.696662256858448,6.714311137690494,1386.0,20,35.21482
694,0.8330000000000001,-45.067,2.5330000000000004,-46.495000000000005,2.023,-42.993,3.538941084561878,2.727002724083924,10.61811150573194,1388.0,20,35.21482
695,0.8330000000000001,-45.883,1.751,-43.095000000000006,-3.3150000000000004,-45.305,5.527065767656469,3.199357748546265,11.258779175321134,1390.0,20,35.21482
696,0.527,-45.713,1.411,-44.251000000000005,3.451,-46.563,3.0833332612612607,3.049543767967798,3.4144060694158678,1392.0,20,35.21482
697,0.493,-45.543000000000006,0.935,-43.605,1.955,-46.903000000000006,3.4521303567507418,3.1611206803887675,13.554841454077494,1394.0,20,35.21482
698,0.425,-45.543000000000006,-0.5950000000000001,-43.945,2.1590000000000003,-47.073,4.16760122852463,3.177835260016463,14.036703912662636,1396.0,20,35.21482
699,0.323,-45.271,-1.6150000000000002,-43.29900000000001,0.153,-43.605,1.7942853730663917,2.9698702136264368,11.032301480037262,1398.0,20,35.21482
700,-0.085,-44.489,-1.819,-43.231,-2.363,-47.107000000000006,3.91398926927502,2.4407945239827327,9.642280563127384,1400.0,20,35.21482
701,0.7310000000000001,-44.387,-2.601,-42.177,-3.043,-42.721,0.7009279563550024,2.566131038818093,,1402.0,20,35.21482
702,-0.527,-43.809000000000005,0.085,-45.271,3.791,-45.441,3.70989703361158,3.030104049188391,17.806839343068674,1404.0,20,35.21482
703,0.051,-43.605,-2.023,-41.463,2.873,-42.007000000000005,4.926129515146755,2.7748158317069938,5.800159376493409,1406.0,20,35.21482
704,0.765,-44.489,2.431,-47.753,1.139,-42.823,5.096485455684142,2.9308707200628525,11.674739942808698,1408.0,20,35.21482
705,1.139,-44.285,,,,,5.096485455684142,2.957562209160008,,1410.0,20,35.21482
706,0.561,-44.829,-0.289,-48.161,-0.357,-40.579,7.582304926603784,3.031538844202099,10.3080050305915,1412.0,20,35.21482
707,1.037,-44.897000000000006,,,,,7.582304926603784,3.1165527075157744,,1414.0,20,35.21482
708,0.935,-44.897000000000006,,,,,7.582304926603784,3.150444863231838,,1416.0,20,35.21482
709,0.935,-44.829,,,,,7.582304926603784,3.1597087763654432,,1418.0,20,35.21482
710,0.765,-44.353,0.289,-47.889,2.2950000000000004,-47.583000000000006,2.0292047703472416,2.760927479376719,19.696208287827144,1420.0,20,35.21482
711,0.527,-44.455000000000005,2.2270000000000003,-46.325,2.907,-45.781000000000006,0.8708248962908675,2.862337583299942,1.1014004207509234,1422.0,20,35.21482
712,1.207,-44.387,3.111,-47.073,-0.357,-39.695,8.152417310221551,3.186974302134088,,1424.0,20,35.21482
713,0.901,-44.251000000000005,2.329,-47.413,0.459,-40.001000000000005,7.644255621052975,3.1251080479534,9.425215863169443,1426.0,20,35.21482
714,0.663,-43.503,0.5950000000000001,-40.273,-0.085,-39.457,1.0621939559233051,3.0654841172137286,3.068804377884561,1428.0,20,35.21482
715,0.8670000000000001,-44.523,-2.567,-47.073,-2.669,-47.005,0.1225887433657756,3.1788995540739338,22.28252486814885,1430.0,20,35.21482
716,0.8670000000000001,-43.843,-0.017,-48.025000000000006,0.391,-39.389,8.645632423368461,3.0687884016237863,12.68909940476802,1432.0,20,35.21482
717,0.8670000000000001,-44.319,-0.357,-47.685,-0.5950000000000001,-39.593,8.095499243406795,2.7688604871872697,10.961006942979482,1434.0,20,35.21482
718,0.527,-44.795,-2.8390000000000004,-46.563,-0.629,-39.729000000000006,7.18245473358517,2.9231284756173737,10.167665668691706,1436.0,20,35.21482
719,0.527,-44.625,-1.717,-47.515,-0.5950000000000001,-40.307,7.29480280747876,2.9317046507960605,9.225492357097435,1438.0,20,35.21482
720,0.663,-44.727,-1.955,-47.277,-0.629,-40.681,6.727963436285902,2.9195050246718792,8.601565689164723,1440.0,20,35.21482
721,0.935,-44.897000000000006,-1.513,-47.719,-0.629,-40.613,7.1607745391123725,2.950202454737363,8.976639488178623,1442.0,20,35.21482
722,0.493,-45.203,0.391,-42.653000000000006,0.153,-42.449000000000005,0.3134645115479582,3.1576027168321463,14.291225636410257,1444.0,20,35.21482
723,0.527,-44.761,,,,,0.3134645115479582,3.06757919837726,,1446.0,20,35.21482
724,1.0710000000000002,-44.931,-0.663,-47.99100000000001,0.323,-39.253,8.793454383801624,3.0099845195998025,14.15362866413293,1448.0,20,35.21482
725,0.187,-44.659000000000006,1.5810000000000002,-48.025000000000006,-0.323,-39.865,8.379189459607653,2.8323267490039843,12.38736178990386,1450.0,20,35.21482
726,0.425,-43.452000000000005,-0.323,-47.685,-0.357,-39.321000000000005,8.364069105405575,2.8136485536247315,11.24203565018508,1452.0,20,35.21482
727,0.6970000000000001,-44.625,,,,,8.364069105405575,2.959484708179364,,1454.0,20,35.21482
728,0.7310000000000001,-45.169,,,,,8.364069105405575,3.223783243938285,,1456.0,20,35.21482
729,0.5950000000000001,-45.169,-2.2950000000000004,-46.903000000000006,-1.717,-42.959,3.986128447503919,3.0850737242862056,15.079788516000509,1458.0,20,35.21482
730,0.5950000000000001,-45.033,-1.411,-44.42100000000001,-1.853,-42.789,1.6907950792452644,2.899516508295556,16.512656525294986,1460.0,20,35.21482
731,0.8330000000000001,-44.455000000000005,-1.819,-44.217000000000006,-1.479,-42.483,1.7670189585853346,2.9568941961710773,,1462.0,20,35.21482
732,0.969,-44.727,-2.193,-47.073,-2.363,-43.333000000000006,3.7438616427426914,3.0945146713921106,5.259318276027883,1464.0,20,35.21482
733,0.221,-45.203,0.085,-43.605,-3.3830000000000005,-45.237,3.8328120225234112,3.195567114368698,12.379214897334863,1466.0,20,35.21482
734,0.119,-44.659000000000006,,,,,3.8328120225234112,2.7398560539291963,,1468.0,20,35.21482
735,0.255,-45.033,,,,,3.8328120225234112,2.6757908145250298,,1470.0,20,35.21482
736,0.5950000000000001,-45.611,-1.377,-42.279,-3.3830000000000005,-43.571000000000005,2.3860637040950943,3.169486333386585,15.751965944167225,1472.0,20,35.21482
737,0.051,-45.781000000000006,-0.085,-44.829,0.289,-45.237,0.55347990026739,3.2968337225373388,16.926326563305008,1474.0,20,35.21482
738,0.289,-45.271,-0.323,-42.551,-0.017,-42.925,0.4832307937207645,3.034941156396709,12.14341269508122,1476.0,20,35.21482
739,0.017,-45.237,-2.2270000000000003,-41.667,1.0710000000000002,-41.497,3.302378536751958,2.436935330242652,4.339006534228257,1478.0,20,35.21482
740,0.935,-44.557,-1.207,-48.161,2.7030000000000003,-41.769000000000005,7.49304771104522,2.2652986345959576,8.708879984703826,1480.0,20,35.21482
741,1.207,-45.135000000000005,-2.669,-46.665000000000006,1.207,-42.925,5.386183806741096,2.509678548710868,9.289406887973534,1482.0,20,35.21482
742,0.901,-45.271,-0.5950000000000001,-40.817,1.887,-43.265,3.4861193324382915,2.5882196448995067,11.35964687589451,1484.0,20,35.21482
743,0.765,-44.625,-3.4170000000000003,-44.557,0.357,-42.415000000000006,4.33949766678126,2.550709447855946,6.148582750560898,1486.0,20,35.21482
744,0.8670000000000001,-45.271,-1.921,-47.073,3.519,-43.707,6.397152178899608,2.137282137173721,7.242148476427103,1488.0,20,35.21482
745,0.8670000000000001,-45.679,-0.8330000000000001,-46.529,2.5330000000000004,-42.245000000000005,5.448175107318046,2.220697187821879,7.102256440522863,1490.0,20,35.21482
746,0.8330000000000001,-44.455000000000005,-1.887,-42.075,-0.8330000000000001,-48.195,6.210097905830471,2.6755634105641097,13.406126412416116,1492.0,20,35.21482
747,1.241,-43.911,-3.519,-43.877,-1.0710000000000002,-48.059000000000005,4.845805196249639,2.963675009988767,16.32711092085682,1494.0,20,35.21482
748,1.3090000000000002,-43.673,-3.519,-43.877,-1.275,-48.025000000000006,4.71608312055672,2.935405703132234,16.486750150300434,1496.0,20,35.21482
749,1.139,-44.523,-1.241,-41.055,-1.445,-42.279,1.240883556180837,2.7949899942906598,3.7823175635862873,1498.0,20,35.21482
750,0.6970000000000001,-44.455000000000005,0.7310000000000001,-39.049,-1.207,-41.259,2.9393781655309343,2.6844991460774965,3.872944010818572,1500.0,20,35.21482
751,0.425,-42.619,0.8670000000000001,-37.417,-2.363,-42.891000000000005,6.355908746984966,2.951973532323281,7.249810036283191,1502.0,20,35.21482
752,0.527,-43.707,-1.6150000000000002,-41.225,-0.8330000000000001,-47.413,6.237216366296748,2.456751167709096,9.463932968606349,1504.0,20,35.21482
753,0.221,-46.257000000000005,-2.737,-42.857000000000006,-2.2270000000000003,-45.883,3.0686765877166007,2.9088975191354223,20.285749424479217,1506.0,20,35.21482
754,-0.153,-43.911,,,,,3.0686765877166007,3.001179257469926,,1508.0,20,35.21482
755,-0.459,-44.557,1.105,-40.783,3.3150000000000004,-46.529,6.156347618515381,3.001165502457148,15.202926956581765,1510.0,20,35.21482
756,0.391,-43.435,-2.431,-41.803,-0.663,-38.199000000000005,4.01430442293556,3.3876175734785194,7.071206428094355,1512.0,20,35.21482
757,0.289,-43.231,-2.7030000000000003,-42.381,-0.629,-38.607,4.3063385839945285,3.659068522153561,7.542338824559858,1514.0,20,35.21482
758,0.357,-43.333000000000006,-0.663,-35.989000000000004,2.669,-41.73500000000001,6.64219391466404,3.905917699333082,25.59401204277515,1516.0,20,35.21482
759,-0.425,-42.177,-0.527,-34.289,1.785,-41.123000000000005,7.214492359133801,4.167796654473559,25.29879421272737,1518.0,20,35.21482
760,-0.085,-41.871,-0.459,-34.085,1.819,-41.157,7.429836337363025,4.660354955157539,25.43162869979114,1520.0,20,35.21482
761,0.323,-41.327000000000005,-0.221,-31.263,-2.7030000000000003,-44.693000000000005,13.65742376877865,4.874941907418172,15.517452462273589,1522.0,20,35.21482
762,0.323,-40.613,-0.799,-27.353,-3.4170000000000003,-44.217000000000006,17.066001875073145,5.968393604122812,18.95011955536132,1524.0,20,35.21482
763,0.221,-38.845000000000006,-0.493,-26.333,-3.0770000000000004,-44.965,18.81032907739788,6.150731484036918,21.51193651449922,1526.0,20,35.21482
764,-0.187,-38.879000000000005,-0.663,-26.673,-1.139,-44.795,18.128250329251305,6.6217972352278816,20.02747900032749,1528.0,20,35.21482
765,-0.425,-36.669,-0.765,-24.497000000000003,-1.479,-43.435,18.95145482542172,7.075634085033784,19.965142180515176,1530.0,20,35.21482
766,-0.017,-35.819,-0.6970000000000001,-22.559,-1.139,-45.951,23.39617549942725,7.024543867868887,25.51378163607361,1532.0,20,35.21482
767,-0.187,-33.337,-0.8330000000000001,-20.587,-2.261,-44.319,23.77492393258073,7.5915658024817265,25.47242601527553,1534.0,20,35.21482
768,-0.255,-33.949000000000005,-0.765,-20.417,-2.7710000000000004,-45.543000000000006,25.205949932506016,7.861521085717124,26.99042005305405,1536.0,20,35.21482
769,-0.289,-32.827000000000005,-0.7310000000000001,-20.349,-0.969,-45.781000000000006,25.433113611982314,7.619561339234159,27.957887024429454,1538.0,20,35.21482
770,-0.391,-31.314000000000004,-0.969,-17.255000000000003,-0.527,-45.645,28.39344051008965,8.94018576398284,31.27231265828874,1540.0,20,35.21482
771,-0.187,-29.427000000000003,-0.969,-14.977,-2.805,-42.177,27.26189457833039,8.856798069620666,29.90774368248648,1542.0,20,35.21482
772,-0.119,-28.271,-0.969,-15.249,-2.5330000000000004,-42.109,26.90549564680049,8.722395223037477,29.474515446293992,1544.0,20,35.21482
773,-0.153,-27.387,-1.003,-12.903,2.091,-41.293000000000006,28.558097555684625,9.527494240483234,37.42738562275395,1546.0,20,35.21482
774,0.051,-25.755000000000003,-0.8670000000000001,-11.985,3.723,-43.469,31.81682504587785,9.830545794541957,38.026256479409184,1548.0,20,35.21482
775,-0.119,-25.789,-0.765,-12.053,2.737,-41.701,29.854110403761823,9.957921689338304,39.71416600643919,1550.0,20,35.21482
776,0.187,-26.809,-0.7310000000000001,-17.119,0.8670000000000001,-40.511,23.446519315241652,7.260137363102667,27.88612652227624,1552.0,20,35.21482
777,0.017,-27.319000000000003,-0.935,-21.165000000000003,0.017,-36.737,15.601073296411377,5.468702634068279,20.35363202565967,1554.0,20,35.21482
778,-0.153,-27.353,-0.969,-18.751,-0.051,-41.497,22.76451712644044,6.362535134319872,25.166197873072317,1556.0,20,35.21482
779,0.085,-27.387,-0.663,-17.255000000000003,3.043,-42.075,25.095155628128712,6.982310877885407,27.68224366797442,1558.0,20,35.21482
780,0.119,-27.251,-0.969,-16.711000000000002,2.5330000000000004,-42.925,26.446886395188372,7.377404655372019,28.58757973771095,1560.0,20,35.21482
781,-0.153,-25.687,-0.799,-13.855,0.493,-44.591,30.76314288235193,8.595444071213658,33.0848930215039,1562.0,20,35.21482
782,-0.051,-24.123,-0.799,-12.971,0.153,-43.605,30.648788883086397,9.062701296837435,31.8115793520142,1564.0,20,35.21482
783,-0.051,-22.831000000000003,-0.357,-10.047,1.955,-43.333000000000006,33.36619756580004,9.188115754825407,34.447807723127134,1566.0,20,35.21482
784,-0.187,-21.811,-0.8670000000000001,-10.353000000000002,1.819,-42.789,32.547022782429735,9.561236774383598,33.74122901073018,1568.0,20,35.21482
785,-0.187,-20.281,-0.765,-7.871,1.173,-41.327000000000005,33.51208408917596,10.086615099998127,34.68046510461897,1570.0,20,35.21482
786,-0.187,-22.559,0.255,-13.209,1.105,-41.871,28.67460102599512,7.977663735340414,30.55679758698105,1572.0,20,35.21482
787,-0.425,-26.69,-0.153,-16.745,1.3430000000000002,-42.619,25.917212272927813,7.523852287661443,29.845899951766107,1574.0,20,35.21482
788,-0.323,-27.523000000000003,0.255,-16.473000000000003,-0.255,-37.791,21.324099605845028,7.628699861407658,22.28092843164199,1576.0,20,35.21482
789,-0.255,-25.857000000000003,0.5950000000000001,-14.025,-0.119,-44.659000000000006,30.64231962498923,8.775692946408673,31.758052655478583,1578.0,20,35.21482
790,-0.357,-24.293000000000003,-0.323,-12.937,0.391,-44.727,31.798017170886617,9.46555850442386,34.18965438903361,1580.0,20,35.21482
791,-0.017,-27.013,-0.459,-17.323,0.187,-43.571000000000005,26.255948278437785,7.675046555120883,27.5566749522966,1582.0,20,35.21482
792,-0.017,-28.441000000000003,0.289,-17.969,-1.3430000000000002,-42.075,24.16118084862576,6.746170127949538,28.36362654905609,1584.0,20,35.21482
793,0.323,-31.637000000000004,0.391,-25.483,0.187,-42.415000000000006,16.933228871068863,4.541543167808534,22.20840746735401,1586.0,20,35.21482
794,-0.051,-31.637000000000004,-0.6970000000000001,-23.783,-0.527,-44.42100000000001,20.638700152868157,5.579373752761673,24.332354292154378,1588.0,20,35.21482
795,0.085,-30.753000000000004,0.323,-21.573,-0.187,-44.693000000000005,23.125624315896857,6.807509211927703,25.483589987603267,1590.0,20,35.21482
796,0.051,-29.903,-0.085,-20.451,0.459,-42.755,22.31063315999795,6.716906084898668,23.418543734528257,1592.0,20,35.21482
797,-0.357,-31.365,0.017,-22.525,0.8330000000000001,-43.129000000000005,20.62015208479317,7.033784055743791,22.22989829493647,1594.0,20,35.21482
798,-0.255,-29.359,0.017,-20.757,-0.085,-40.647000000000006,19.890261536742045,7.49452609706562,21.167512892833443,1596.0,20,35.21482
799,-0.391,-28.611,0.255,-17.833000000000002,-0.119,-44.86300000000001,27.032587297556255,8.244633795902416,30.67275536825049,1598.0,20,35.21482
800,-0.153,-27.829,0.425,-18.479000000000003,0.323,-45.203,26.724194655779623,9.26391426978093,31.595514466606808,1600.0,20,35.21482
801,-0.153,-27.523000000000003,-0.153,-17.833000000000002,-2.091,-45.713,27.947276146343853,8.117808227408638,30.004704657336465,1602.0,20,35.21482
802,-0.017,-26.469,-0.255,-16.235,-1.751,-45.645,29.448023974453704,8.71081887670831,31.605978435532048,1604.0,20,35.21482
803,0.187,-23.137,0.357,-13.413,-0.051,-29.937,16.529036269546996,8.287929041057344,17.605393198444034,1606.0,20,35.21482
804,0.153,-24.259,0.561,-11.509,3.519,-42.789,31.419550665151156,9.181560944785272,35.234770553441976,1608.0,20,35.21482
805,-0.289,-22.763,0.187,-10.217,3.281,-42.449000000000005,32.38015843074274,9.84879691491676,36.395957293000585,1610.0,20,35.21482
806,-0.289,-19.839,0.323,-9.639,-0.493,-41.021,31.39260709147936,9.654277776094654,33.34787925681806,1612.0,20,35.21482
807,-0.357,-17.731,0.5950000000000001,-7.803000000000001,0.187,-38.505,30.704710843777704,9.09481077092375,33.021834318368086,1614.0,20,35.21482
808,-0.391,-17.595000000000002,0.493,-5.593,0.323,-38.301,32.708441784958204,9.192565006753377,33.896767346624635,1616.0,20,35.21482
809,-0.357,-16.881,0.425,-3.723,0.5950000000000001,-37.587,33.864426704138964,9.298392830931297,34.93069275372824,1618.0,20,35.21482
810,-0.459,-14.705000000000002,0.425,-1.5470000000000002,0.187,-35.683,34.13682967119237,9.505469109675158,34.92965867154188,1620.0,20,35.21482
811,-0.357,-16.983,0.5950000000000001,-5.933000000000001,-0.323,-35.445,29.526274197737852,8.519019726980945,31.46312069833571,1622.0,20,35.21482
812,-0.085,-19.023,-0.459,-12.529000000000002,0.221,-28.917,16.402101816535588,4.326880603218979,17.427282239213895,1624.0,20,35.21482
813,-0.221,-18.139000000000003,,,,,16.402101816535588,5.754616781601174,,1626.0,20,35.21482
814,-0.153,-17.867,0.221,-8.143,0.289,-31.705,23.562098123893808,6.9720470772503615,27.36701829658616,1628.0,20,35.21482
815,-0.153,-17.289,-0.561,-6.647,-0.017,-31.671000000000003,25.029912345032297,7.485173488517759,27.65156189380909,1630.0,20,35.21482
816,0.017,-19.023,-0.527,-10.761,-0.017,-30.447000000000003,19.69260510953287,5.564729226491026,22.82011881888977,1632.0,20,35.21482
817,-0.051,-22.525,-0.629,-18.785,-0.153,-26.775,8.004166165191725,1.9670337873859784,8.744851984509777,1634.0,20,35.21482
818,-0.221,-21.845,0.085,-16.201,0.357,-24.395000000000003,8.198513279857513,2.7504296517387794,11.230815410369376,1636.0,20,35.21482
819,-0.289,-21.726000000000003,0.221,-14.365,0.289,-27.217,12.852179892920889,4.390653745856447,16.86042736901852,1638.0,20,35.21482
820,-0.051,-21.063,0.561,-13.379,0.017,-27.047,13.67882158667186,4.3133297862974525,14.787439299860573,1640.0,20,35.21482
821,-0.187,-20.349,0.153,-12.529000000000002,-0.357,-27.251,14.730831069562912,4.38190244769346,16.31691892280087,1642.0,20,35.21482
822,-0.255,-17.493000000000002,-0.255,-7.531000000000001,-0.8330000000000001,-25.959000000000003,18.437062347348075,5.768035753058073,20.139096998471345,1644.0,20,35.21482
823,-0.629,-17.425,0.017,-6.987,0.357,-27.285000000000004,20.300847371476888,6.667953151421465,24.26823110779775,1646.0,20,35.21482
824,-0.391,-15.283,-0.765,-6.579000000000001,0.561,-27.931,21.393133945263845,6.793755747782164,23.89106436791928,1648.0,20,35.21482
825,0.051,-14.195,0.153,-6.477,-0.289,-23.477,17.005745029254086,5.250819763844367,17.817396403746564,1650.0,20,35.21482
826,0.017,-13.175,0.391,-3.927000000000001,-0.493,-24.021,20.1134356090649,5.64776904892207,21.170786385942147,1652.0,20,35.21482
827,-0.153,-11.611,0.493,-2.737,-0.493,-25.721,23.005139686600472,6.566270606624675,24.39401560702384,1654.0,20,35.21482
828,-0.357,-11.033,0.391,0.8330000000000001,-0.221,-29.087000000000003,29.92625843636321,8.640470806167077,31.04976508736029,1656.0,20,35.21482
829,-0.187,-9.945,0.323,2.499,0.5950000000000001,-30.209000000000003,32.7091309575782,8.939968527577951,33.69413344927418,1658.0,20,35.21482
830,-0.153,-7.361000000000001,0.221,4.437,0.391,-28.101000000000003,32.53844409310316,8.835456856031698,33.25740028671745,1660.0,20,35.21482
831,-0.255,-6.035,0.119,5.015000000000001,0.663,-26.605,31.62467922366961,9.22759314384097,32.46019704737387,1662.0,20,35.21482
832,-0.527,-4.7090000000000005,-0.119,5.6610000000000005,0.527,-25.245,30.91275063788404,9.253836117031648,32.19716507478089,1664.0,20,35.21482
833,-0.357,-4.471,-0.017,6.613,0.051,-24.837000000000003,31.4500735134276,9.31523466618994,32.667423605112354,1666.0,20,35.21482
834,-0.425,-3.621,-0.187,8.041,0.119,-24.123,32.16545556960138,9.380292760376818,33.2442397092143,1668.0,20,35.21482
835,-0.425,-7.735,-0.289,2.091,0.5950000000000001,-21.505000000000003,23.612553271512173,7.226141417401108,26.14398559868312,1670.0,20,35.21482
836,-0.153,-9.605,-0.255,-0.051,-0.323,-23.579,23.52809826569075,7.097861168584025,26.038606976256222,1672.0,20,35.21482
837,-0.187,-8.415000000000001,-0.119,0.289,-0.187,-21.947000000000003,22.236103975292075,7.656146157608044,26.533637407024045,1674.0,20,35.21482
838,0.085,-9.095,-0.5950000000000001,1.955,0.221,-23.069000000000003,25.03730081298701,8.539330537266453,26.2888066024208,1676.0,20,35.21482
839,-0.119,-5.933000000000001,0.391,6.001,-0.459,-26.061000000000003,32.07326525316685,9.251220737331067,33.61782158673591,1678.0,20,35.21482
840,-0.085,-2.805,0.085,6.783,-0.085,-23.647,30.43047485663016,8.974283322301352,31.37621851787042,1680.0,20,35.21482
841,-0.255,-2.669,0.391,8.415000000000001,-0.187,-22.559,30.979392505341355,8.8007814355433,33.07457313510928,1682.0,20,35.21482
842,-0.255,-2.499,0.085,9.639,-0.493,-22.423,32.067209544954174,9.02464320461056,33.99616992279784,1684.0,20,35.21482
843,-0.255,-1.275,0.255,12.019,-0.6970000000000001,-21.403,33.43555574534391,9.360860017142372,35.09230065813337,1686.0,20,35.21482
844,-0.221,1.445,-0.391,12.223,-0.357,-18.377,30.60001888888306,8.962298584276153,31.810104817545987,1688.0,20,35.21482
845,-0.357,3.638,0.051,14.773,0.357,-14.773,29.547584537488003,8.384939452170856,30.527449069067497,1690.0,20,35.21482
846,-0.323,3.842,-0.187,15.283,0.153,-15.929,31.213851796918625,9.046434596408297,31.795327490617964,1692.0,20,35.21482
847,-0.5950000000000001,7.395,-1.003,18.411,-0.153,-12.393,30.815725141557195,8.929878006395706,31.503564028859984,1694.0,20,35.21482
848,-0.561,8.415000000000001,-0.493,20.111,0.5950000000000001,-11.781,31.910553238701457,9.515219346647784,32.89712632151345,1696.0,20,35.21482
849,-0.561,11.985,-0.153,23.069000000000003,-0.221,-8.517000000000001,31.5860731969012,9.66052395464752,32.69324440236234,1698.0,20,35.21482
850,-0.187,14.603000000000002,0.357,25.483,-0.391,-6.273000000000001,31.764808200270945,9.984187386865967,33.418851457908445,1700.0,20,35.21482
851,-0.357,16.473000000000003,-0.051,27.149,0.187,-1.989,29.138971979121024,9.143302341540032,30.573506473286063,1702.0,20,35.21482
852,-0.391,18.343,-0.561,30.107000000000003,0.425,-2.363,32.48496723101318,9.293940195984458,35.44667265902859,1704.0,20,35.21482
853,-0.425,21.335,-0.527,31.535000000000004,-0.935,0.119,31.418649238947243,9.213938465935948,32.37291882734115,1706.0,20,35.21482
854,-0.561,20.213,-0.051,29.971000000000004,-0.425,12.869000000000002,17.10608897439739,8.830665312570764,19.27129624040002,1708.0,20,35.21482
855,-0.527,19.975,-1.207,31.263,-0.391,12.835,18.446057573367813,9.421076991931306,19.402841976230828,1710.0,20,35.21482
856,-0.527,19.635,-0.765,31.059,-0.391,12.801,18.261830138296656,9.20987791745902,18.876335409571336,1712.0,20,35.21482
857,-0.357,23.647,-0.527,33.337,-0.255,3.757,29.58125054827805,8.595819943235702,30.290918261606077,1714.0,20,35.21482
858,-0.391,23.239,-0.8670000000000001,32.589000000000006,-0.425,12.869000000000002,19.72495282630608,9.095902293404658,20.580300764622297,1716.0,20,35.21482
859,-0.425,23.987,-1.105,35.207,-0.255,3.145,32.07326525316685,9.21643672027025,33.89902283646307,1718.0,20,35.21482
860,-0.459,26.231,-1.207,36.023,-0.425,12.835,23.201182469865625,8.627013420582788,24.08742637107201,1720.0,20,35.21482
861,-0.425,25.483,-1.275,39.253,0.391,7.497000000000001,31.799671256162384,9.601372716766898,33.36094006105552,1722.0,20,35.21482
862,-0.221,28.543000000000003,-1.241,40.069,-0.017,10.795,29.29957767613725,8.640923705902292,30.107521051396567,1724.0,20,35.21482
863,-0.527,30.379,-0.8670000000000001,40.783,-0.119,12.665,28.127947454444666,8.333221330424589,29.021198357031444,1726.0,20,35.21482
864,-0.255,31.365,-2.363,41.395,0.153,11.645,29.856201298892664,8.60627571371149,31.526447978313133,1728.0,20,35.21482
865,-0.493,31.535000000000004,-0.527,44.319,-0.459,12.903,31.4160735929874,8.884293946637033,33.3975730819447,1730.0,20,35.21482
866,-0.493,33.983000000000004,0.017,45.237,-0.6970000000000001,26.231,19.019406720505245,8.708798256324702,20.42844623200039,1732.0,20,35.21482
867,-0.527,35.547000000000004,0.289,46.053,-0.5950000000000001,26.061000000000003,20.01153467378252,7.742325376956733,21.30120722043762,1734.0,20,35.21482
868,-0.5950000000000001,35.819,-0.663,47.54900000000001,-0.493,26.231,21.31867782016512,7.90372963629162,22.25262231217744,1736.0,20,35.21482
869,-0.357,37.400000000000006,-1.513,47.583000000000006,-1.105,20.621,26.965086834646023,8.481622506810202,33.921615669217424,1738.0,20,35.21482
870,-0.629,36.499,-3.0770000000000004,46.461000000000006,-0.119,22.491000000000003,24.151825272637264,7.848712995240955,26.683613471852556,1740.0,20,35.21482
871,-0.561,34.663000000000004,-1.6150000000000002,46.631,0.017,26.197000000000003,20.499067783682264,7.875201356796046,21.614674184065745,1742.0,20,35.21482
872,-0.085,37.179,-0.221,48.297,0.289,26.231,22.071892895716942,7.881302362475228,24.974674432038302,1744.0,20,35.21482
873,0.153,37.859,-0.425,48.025000000000006,0.255,26.163,21.87257287106389,7.401409572054802,24.84807014523256,1746.0,20,35.21482
874,-0.153,37.111,-1.445,48.127,-0.289,26.469,21.68882892182056,7.897695542965109,24.22331418985824,1748.0,20,35.21482
875,-0.935,36.465,-0.017,48.331,0.187,26.163,22.168938630435157,7.967691469229793,25.3086149246414,1750.0,20,35.21482
876,-0.663,37.043,-0.323,48.263000000000005,-0.8330000000000001,26.333,21.935929430958694,8.575414884365737,23.95103430471777,1752.0,20,35.21482
877,-0.7310000000000001,35.955000000000005,-0.935,48.229000000000006,0.255,17.459,30.793002451855845,8.868302012461832,33.273678685227004,1754.0,20,35.21482
878,-0.493,34.697,-0.187,47.345000000000006,-0.8670000000000001,17.051000000000002,30.301630913203336,8.853421159050493,33.500299539719016,1756.0,20,35.21482
879,-0.459,35.989000000000004,-0.7310000000000001,47.889,-0.153,21.437,26.458314156423494,7.934564794492299,27.08327088938453,1758.0,20,35.21482
880,-0.221,35.037,-0.357,47.515,-1.173,20.077,27.45013114722769,8.266655628767364,31.67371362431713,1760.0,20,35.21482
881,0.153,36.669,-0.8330000000000001,47.379000000000005,-0.8670000000000001,19.499,27.880020731699613,8.033721935059416,31.317247820740487,1762.0,20,35.21482
882,-0.391,36.907,0.221,47.54900000000001,-0.493,26.231,21.32995358644739,7.459076880811483,22.6096287247319,1764.0,20,35.21482
883,-0.527,37.009,-0.085,47.787000000000006,-0.289,26.401000000000003,21.38697295084089,7.693996647802798,22.30964022184766,1766.0,20,35.21482
884,-0.459,35.547000000000004,0.459,42.789,0.357,26.265,16.52431481181595,4.81290814722627,18.59538648856629,1768.0,20,35.21482
885,-0.255,35.581,1.037,44.557,-0.221,28.441000000000003,16.165024590145233,4.770426747937095,18.45969138924556,1770.0,20,35.21482
886,-0.289,36.635000000000005,0.629,47.175,-1.105,28.951,18.306308530121523,5.575080609219867,20.25781942010795,1772.0,20,35.21482
887,-0.153,37.043,-0.289,48.297,-0.255,29.325000000000003,18.97203046592536,6.081249177460843,21.660427850660056,1774.0,20,35.21482
888,-0.425,37.961000000000006,-2.023,46.733,0.153,30.821,16.060097135447222,6.1486723167680974,19.750506873483232,1776.0,20,35.21482
889,-0.391,40.103,-1.173,48.195,0.119,31.943,16.303274763065243,5.698147260420985,18.65556240302986,1778.0,20,35.21482
890,-0.629,37.995000000000005,-0.051,48.059000000000005,-1.139,31.909,16.18660693289363,6.497924504297678,21.792357220126217,1780.0,20,35.21482
891,-0.5950000000000001,38.403000000000006,1.003,47.039,-0.493,27.693,19.403755615859527,6.184177902137408,22.13155466986393,1782.0,20,35.21482
892,-0.527,37.791,2.193,46.291,-1.173,28.033,18.56568124255073,6.500003921036338,23.00138841129496,1784.0,20,35.21482
893,-0.323,39.015,2.7030000000000003,45.849,-0.527,27.591,18.54150651915858,6.400790860895684,22.795194751517997,1786.0,20,35.21482
894,-0.153,38.947,1.853,44.829,1.6150000000000002,44.795,0.2404163056034262,5.952171333791828,0.8104939705069377,1788.0,20,35.21482
895,-0.051,39.151,1.717,46.937000000000005,0.425,45.713,1.7797303166491265,5.923780892298673,2.137091585082804,1790.0,20,35.21482
896,-0.663,40.783,-0.357,47.141000000000005,-2.567,47.277,2.2141806611024317,6.497733552917788,2.4441213699866338,1792.0,20,35.21482
897,-0.357,41.429,-1.3430000000000002,46.42700000000001,-0.901,32.521,13.913022676614885,5.903732144351653,25.06993759353101,1794.0,20,35.21482
898,-0.289,43.435,-3.961,45.781000000000006,0.289,31.161,15.225206074139033,5.4829780909881976,25.544690354835637,1796.0,20,35.21482
899,-0.391,42.823,2.261,46.189,-0.459,31.705,14.737186162900976,4.876951209742912,18.074862749176347,1798.0,20,35.21482
900,-0.153,42.619,2.601,46.121,-0.153,33.405,13.0108098133821,4.274138632914912,16.50743593492712,1800.0,20,35.21482
901,-0.323,42.143,2.567,46.699000000000005,0.051,34.119,12.829133096199447,4.211495042119356,15.895792924009962,1802.0,20,35.21482
902,0.051,42.619,-2.7030000000000003,41.599,0.255,35.683,6.614289077444378,3.095525616638814,9.342404250844398,1804.0,20,35.21482
903,-0.187,42.143,-3.0770000000000004,41.837,-0.8670000000000001,35.581,6.634880255136487,2.9410150750512805,10.314669457667062,1806.0,20,35.21482
904,-0.153,42.449000000000005,-3.791,42.585,-0.5950000000000001,33.643,9.49598757370712,3.4109987090960976,15.71776241252367,1808.0,20,35.21482
905,-0.051,42.313,-3.4170000000000003,42.075,-0.7310000000000001,34.493,8.043713072953311,3.221983182392281,15.500184545111363,1810.0,20,35.21482
906,0.323,43.027,2.567,42.925,0.085,34.833000000000006,8.464088137537322,4.30006730136011,21.51952703013268,1812.0,20,35.21482
907,0.221,43.809000000000005,,,,,8.464088137537322,4.582209604213956,,1814.0,20,35.21482
908,0.323,43.231,2.499,42.517,-0.255,33.575,9.356488657610823,4.252681985091716,25.111225380718103,1816.0,20,35.21482
909,0.255,43.129000000000005,2.7710000000000004,42.721,0.051,33.303000000000004,9.802914056544616,4.581354663918062,24.93799381098897,1818.0,20,35.21482
910,0.187,42.823,2.2270000000000003,42.211000000000006,0.119,34.731,7.771361785427314,4.330622475888071,26.77304745488341,1820.0,20,35.21482
911,0.119,43.095000000000006,,,,,7.771361785427314,4.834878236050297,,1822.0,20,35.21482
912,-0.187,42.109,-0.6970000000000001,33.439,-1.037,33.881,0.5576414618731288,4.4677711828801465,1.3300634471670374,1824.0,20,35.21482
913,-0.323,41.293000000000006,-1.0710000000000002,32.691,-3.281,42.857000000000006,10.4034444296108,4.154188210303654,21.302314075286205,1826.0,20,35.21482
914,-0.629,40.715,0.289,32.793,-1.037,34.221000000000004,1.9487072638033656,4.24829261073866,3.975687197077745,1828.0,20,35.21482
915,-0.153,39.661,0.119,29.971000000000004,0.051,40.273,10.30222441999785,4.760083406190597,11.0503705778725,1830.0,20,35.21482
916,-0.153,38.947,0.119,27.761000000000003,-0.901,32.691,5.034411584286688,5.747000895865448,5.772646385311836,1832.0,20,35.21482
917,-0.323,38.165000000000006,-0.017,27.319000000000003,-0.6970000000000001,37.927,10.629772528140007,5.733330601544375,15.453551147443008,1834.0,20,35.21482
918,-0.085,37.655,-0.221,27.591,-1.241,39.661,12.113021918580024,5.553463756810728,14.994673202450295,1836.0,20,35.21482
919,-0.221,38.369,-0.017,27.965000000000003,-2.4650000000000003,41.327000000000005,13.584393545535995,5.191079127491207,15.025659254021816,1838.0,20,35.21482
920,-0.391,37.961000000000006,0.289,26.333,-3.519,42.245000000000005,16.361314372629113,5.734690687974895,18.339909367555222,1840.0,20,35.21482
921,-0.68,37.043,0.255,23.783,-2.8390000000000004,42.721,19.189077101309486,7.030245988376368,21.48175897290615,1842.0,20,35.21482
922,-0.357,35.479,0.187,24.259,-2.397,41.429,17.363350943870255,6.161739185791123,19.67190568537541,1844.0,20,35.21482
923,-0.221,33.541000000000004,0.051,22.457,-1.717,41.497,19.121909528078,6.509137645024792,21.03497606262209,1846.0,20,35.21482
924,-0.051,31.875000000000004,0.323,21.437,0.255,40.001000000000005,18.564124541706786,6.843137821638007,19.369517064847905,1848.0,20,35.21482
925,-0.085,31.535000000000004,0.051,18.241,-2.737,41.395,23.321249108913527,7.761314058471673,32.51473313642489,1850.0,20,35.21482
926,-0.051,29.835,-0.051,15.453,0.255,39.933,24.481912425298805,8.597720822491217,24.90387194412618,1852.0,20,35.21482
927,-0.119,29.223000000000003,0.119,14.467,-2.363,41.701,27.346865999598567,9.131702007167297,36.72651120734275,1854.0,20,35.21482
928,-0.153,26.945,0.119,13.175,-0.901,43.775000000000006,30.61699528039942,8.469199590462628,31.655581650161785,1856.0,20,35.21482
929,-0.391,24.871,0.289,11.169,0.085,43.775000000000006,32.606638158509995,9.204181925028914,34.109344999220355,1858.0,20,35.21482
930,-0.255,25.177000000000003,0.289,9.945,1.3090000000000002,44.217000000000006,34.287175211731864,9.817359513008991,36.54751722245265,1860.0,20,35.21482
931,-0.289,24.446,0.323,10.659,0.663,44.013000000000005,33.35573288057092,9.05359056631621,34.450593169574915,1862.0,20,35.21482
932,-0.255,24.599,0.221,12.155,0.765,43.707,31.556689306706435,8.992479206204434,34.45182612720586,1864.0,20,35.21482
933,-0.391,24.021,-0.5950000000000001,12.835,-0.7310000000000001,41.73500000000001,28.900319998228397,9.248862837825692,30.98072454115525,1866.0,20,35.21482
934,-0.391,22.831000000000003,0.459,6.885000000000001,-0.935,32.011,25.164640112666028,10.197351888467836,26.184665495008435,1868.0,20,35.21482
935,-0.153,21.097,0.187,5.525,-0.323,31.841,26.320941396538235,10.300350441539576,27.003927302405938,1870.0,20,35.21482
936,-0.323,20.723000000000003,-0.493,12.767,-1.275,36.941,24.18664507533031,9.538778154412633,25.71632394797493,1872.0,20,35.21482
937,-0.153,17.969,0.493,5.899,-0.187,25.959000000000003,20.071522114677805,9.269108097299664,20.945324300329567,1874.0,20,35.21482
938,-0.153,16.031000000000002,-0.017,4.131,-0.221,25.993,21.862951767773723,9.659285671508009,22.461259152935376,1876.0,20,35.21482
939,-0.119,17.357000000000003,0.085,4.641,-0.7310000000000001,37.927,33.29600054060548,10.148179281961994,34.64903460552289,1878.0,20,35.21482
940,-0.187,16.031000000000002,0.493,4.437,-1.3090000000000002,36.975,32.587860439126715,10.122467238526776,34.39152548360818,1880.0,20,35.21482
941,-0.119,16.235,0.187,2.8390000000000004,-1.0710000000000002,36.941,34.12519550127149,10.258590791093631,35.04113808612157,1882.0,20,35.21482
942,-0.085,14.637,0.391,2.261,-0.8330000000000001,26.027,23.797498439962133,10.337715646050142,24.644960658062452,1884.0,20,35.21482
943,-0.187,12.665,0.425,0.765,-0.289,31.569000000000003,30.812273723307083,10.04099897808209,31.597435026430617,1886.0,20,35.21482
944,0.051,11.373,0.221,-2.2270000000000003,0.323,25.823,28.05018545393239,10.44461636989402,28.845003258359142,1888.0,20,35.21482
945,-0.051,7.803000000000001,0.425,-3.349,-0.221,24.089,27.44560365523047,8.961155359284698,28.15718181034907,1890.0,20,35.21482
946,-0.119,7.157000000000001,0.425,-5.457000000000001,-0.901,25.313,30.798558018193,9.46635153354742,32.56516907509207,1892.0,20,35.21482
947,-0.153,4.845000000000001,0.051,-4.607,-0.051,25.109,29.71617505669261,8.779130392608483,30.48235775695876,1894.0,20,35.21482
948,-0.119,4.131,0.187,-6.9190000000000005,-0.289,12.257,19.18190689165183,8.74330645008609,19.59589455182717,1896.0,20,35.21482
949,-0.051,4.505,-0.187,-8.551,-0.289,12.393,20.94424837515064,9.679003891140164,21.27187704875205,1898.0,20,35.21482
950,-0.153,4.777,0.153,-6.103000000000001,-0.493,24.089,30.198910245238984,9.09481836612334,31.40051871148612,1900.0,20,35.21482
951,-0.391,8.007000000000001,0.391,-1.445,-0.6970000000000001,22.049000000000003,23.51917898226892,6.437330577658629,27.05851102884484,1902.0,20,35.21482
952,-0.561,7.701,0.391,-2.057,-1.139,22.899,25.002856556801667,6.87678696111606,26.395476386986303,1904.0,20,35.21482
953,-0.459,6.987,0.459,-5.083,-0.255,12.529000000000002,17.62646703114382,8.033955947368598,18.70885928496546,1906.0,20,35.21482
954,-0.289,4.7090000000000005,0.459,-7.769,-0.119,24.769,32.54313334637585,8.95802383334727,33.74836097788452,1908.0,20,35.21482
955,-0.357,2.023,0.323,-6.613,-0.5950000000000001,12.359000000000002,18.99419669267432,7.212677805144288,19.81566187902197,1910.0,20,35.21482
956,-0.391,1.785,-0.017,-7.837000000000001,-0.629,12.393,20.239255025815552,8.849303338496485,20.830816352970505,1912.0,20,35.21482
957,-0.391,1.853,0.153,-9.061,0.221,22.117,31.1780741547646,8.978875621160405,32.39803658579228,1914.0,20,35.21482
958,-0.323,0.5950000000000001,0.391,-11.407,-0.8330000000000001,21.437,32.8667995399613,9.452243371690765,34.47368207181578,1916.0,20,35.21482
959,-0.323,-2.193,0.629,-14.943,-1.207,19.771,34.7625184933428,9.987716583685012,36.15387723081067,1918.0,20,35.21482
960,-0.255,-4.4030000000000005,0.629,-16.677,-0.221,12.257,28.94648261879153,9.779071277246915,30.03762910893987,1920.0,20,35.21482
961,-0.153,-5.083,0.629,-17.595000000000002,-0.935,12.699000000000002,30.33434574867241,9.80908865178207,31.512163881851137,1922.0,20,35.21482
962,-0.221,-7.599,0.5950000000000001,-18.343,-0.935,12.291,30.67218375010166,8.795037417381693,31.66688322760332,1924.0,20,35.21482
963,-0.119,-9.469,0.527,-19.193,-0.901,10.047,29.27484900046455,8.840940085929457,30.11342865322888,1926.0,20,35.21482
964,-0.187,-8.823,0.527,-20.689,-0.425,12.257,32.95975151605364,9.722906024669127,34.29684807154949,1928.0,20,35.21482
965,-0.085,-9.979,0.323,-22.695,0.187,10.931,33.626275024153365,9.05302024682087,34.62806157586503,1930.0,20,35.21482
966,0.017,-12.155,0.357,-25.177000000000003,-0.561,9.231,34.4202438689792,9.753006414950738,35.56291160307555,1932.0,20,35.21482
967,0.051,-13.617,0.357,-25.347,0.357,6.953,32.300000000000004,9.341158232251676,33.782963019122164,1934.0,20,35.21482
968,0.153,-17.085,0.7310000000000001,-27.081000000000003,-0.391,1.105,28.208322885276253,8.542872627441314,28.88212177839824,1936.0,20,35.21482
969,-0.017,-16.405,0.629,-27.489,-0.493,3.451,30.960337272064724,9.192484515112929,32.42008122995335,1938.0,20,35.21482
970,-0.051,-17.527,0.561,-29.019,-0.153,3.451,32.4778493130318,9.59982655940227,33.88531741701073,1940.0,20,35.21482
971,-0.017,-18.411,0.8330000000000001,-28.917,-0.765,-0.425,28.53677746347685,9.50569691583162,30.85939446742175,1942.0,20,35.21482
972,-0.085,-18.173,0.799,-30.277,0.425,2.8390000000000004,33.11811184231372,9.587096615511472,34.693190958533314,1944.0,20,35.21482
973,-0.051,-18.513,0.6970000000000001,-30.855000000000004,0.289,2.7030000000000003,33.56048015151154,9.677585022474256,35.372432594398354,1946.0,20,35.21482
974,-0.289,-18.207,0.8670000000000001,-31.909,-1.037,0.425,32.39001037357043,10.320603733533328,37.18921380010517,1948.0,20,35.21482
975,-0.323,-19.975,0.323,-32.521,-0.765,-0.153,32.386280552110335,9.03531797068731,33.274892203815185,1950.0,20,35.21482
976,-0.153,-22.287000000000003,0.629,-34.017,-0.629,-3.043,30.999536125561622,8.712812390055896,31.51482112509563,1952.0,20,35.21482
977,0.187,-23.817,0.493,-33.915,-0.663,-3.3150000000000004,30.62182777039934,8.96901418946705,31.919593305815248,1954.0,20,35.21482
978,0.187,-21.845,0.017,-32.351,-0.969,-10.999,21.37475379975171,7.442604941665381,23.079726305085824,1956.0,20,35.21482
979,-0.187,-24.905,-0.629,-36.975,-1.003,-8.415000000000001,28.56244870454913,8.565067179131288,29.90418309780032,1958.0,20,35.21482
980,-0.221,-26.809,-0.153,-37.111,-0.629,-11.067,26.04834950625471,8.431157484790173,26.853631928853936,1960.0,20,35.21482
981,-0.425,-25.925,-0.221,-37.621,-0.969,-8.449,29.181588167884215,8.281144644383632,31.355802187667933,1962.0,20,35.21482
982,-0.391,-27.965000000000003,0.289,-39.423,-0.7310000000000001,-8.755,30.684957617699265,9.111815617088332,33.1702672195235,1964.0,20,35.21482
983,-0.459,-30.481,1.819,-41.225,-0.153,-9.605,31.6814327958822,8.684835602048388,32.838530405661736,1966.0,20,35.21482
984,0.187,-34.629000000000005,3.519,-44.013000000000005,-0.8670000000000001,-16.235,28.122131498163508,8.560095450304315,29.26933041696391,1968.0,20,35.21482
985,0.357,-34.901,1.955,-46.835,-0.425,-16.507,30.42124231519811,8.427276020416867,31.364973976650624,1970.0,20,35.21482
986,0.493,-35.479,1.105,-47.719,-0.8330000000000001,-19.295,28.48999157599033,8.926510746761908,29.89181238589125,1972.0,20,35.21482
987,-0.017,-35.853,0.935,-48.229000000000006,-0.8330000000000001,-17.459,30.82075151582129,8.91314666606687,31.86750746614208,1974.0,20,35.21482
988,0.561,-35.683,0.119,-47.889,-0.8330000000000001,-16.643,31.260499356216307,9.291645274850245,33.48394289241244,1976.0,20,35.21482
989,0.153,-35.479,,,,,31.260499356216307,9.661842804204834,,1978.0,20,35.21482
990,0.017,-35.513000000000005,1.479,-48.195,-0.085,-15.113,33.118949560636736,9.625814502490876,35.526358392649016,1980.0,20,35.21482
991,-0.119,-36.091,2.023,-46.529,0.153,-15.589,30.99645947523685,8.390810991615934,32.690663106209314,1982.0,20,35.21482
992,-0.085,-36.057,1.683,-47.107000000000006,0.527,-16.167,30.961588072965508,8.593124333796874,32.73460672563986,1984.0,20,35.21482
993,0.017,-36.703,0.323,-47.243,0.255,-16.133000000000003,31.11007431685113,9.02398949551108,33.884436219222614,1986.0,20,35.21482
994,0.119,-35.887,2.057,-47.719,0.629,-16.677,31.074828205478468,9.387577165704103,33.1944170682935,1988.0,20,35.21482
995,-0.051,-35.683,0.119,-47.107000000000006,-0.663,-16.541,30.576001700680223,8.572213982566675,31.614716473639348,1990.0,20,35.21482
996,0.255,-35.479,0.629,-48.127,-0.459,-17.221,30.925144785433105,8.852377763930168,32.95709475523938,1992.0,20,35.21482
997,0.255,-36.397000000000006,-0.6970000000000001,-48.161,-0.6970000000000001,-17.323,30.838,9.179354004814035,34.22630453782838,1994.0,20,35.21482
998,0.289,-36.261,-0.391,-48.093,-0.969,-18.547,29.55165308404929,9.147936910392422,34.13681738186156,1996.0,20,35.21482
999,0.357,-36.856,-0.051,-48.059000000000005,0.187,-19.329,28.73098578190453,8.718382702108547,31.1842666733803,1998.0,20,35.21482
1000,-0.017,-37.145,0.765,-46.563,0.119,-23.511000000000003,23.06104984600658,7.56006408138503,24.497202644302547,2000.0,20,35.21482
1001,0.085,-35.173,1.003,-44.693000000000005,0.561,-27.591,17.107710776138344,6.204836324572391,18.791656384874056,2002.0,20,35.21482
1002,-0.153,-36.431,0.935,-46.291,-0.255,-21.879,24.440986968614837,6.724706795201279,27.63313254682533,2004.0,20,35.21482
1003,-0.119,-38.063,-0.289,-48.331,-0.051,-22.151000000000003,26.18108179583113,7.844549112981637,29.053947707876723,2006.0,20,35.21482
1004,-0.357,-39.491,1.989,-47.753,0.391,-27.659,20.15744130588007,7.726407114137917,22.666691021847196,2008.0,20,35.21482
1005,-0.153,-39.219,2.397,-47.821000000000005,0.493,-23.001,24.892923010365816,8.4894684309488,31.343865840463742,2010.0,20,35.21482
1006,-0.119,-38.267,1.955,-47.719,0.493,-23.409,24.35392255879944,8.34204838458217,30.351303816885405,2012.0,20,35.21482
1007,0.119,-38.267,1.819,-47.515,0.323,-22.491000000000003,25.068677507997904,8.093350502949473,29.73754831463373,2014.0,20,35.21482
1008,-0.017,-38.709,2.329,-47.277,0.051,-22.525,24.85660451469589,7.61407649637477,26.98708091907366,2016.0,20,35.21482
1009,0.119,-39.015,-0.493,-48.127,-0.8330000000000001,-22.763,25.366278718014595,8.07739379377901,29.823209830100776,2018.0,20,35.21482
1010,-0.119,-38.913,-1.751,-47.515,-0.017,-22.117,25.457123953816936,7.920584311975856,28.5797700407304,2020.0,20,35.21482
1011,-0.153,-39.253,-1.0710000000000002,-47.99100000000001,-0.8670000000000001,-22.423,25.56881381683554,7.548720211147649,27.784336426435647,2022.0,20,35.21482
1012,-0.017,-38.573,-2.329,-46.359,-0.017,-20.961,25.50301448848744,7.9183512030000704,28.615167564506788,2024.0,20,35.21482
1013,-0.085,-38.165000000000006,-2.7030000000000003,-46.189,-0.527,-21.165000000000003,25.118430524218667,7.409691009566232,28.73371043863405,2026.0,20,35.21482
1014,-0.289,-37.893,0.663,-47.515,-0.799,-19.329,28.22389129797661,8.061643356136857,30.959402261485582,2028.0,20,35.21482
1015,-0.289,-38.947,2.9410000000000003,-47.073,-0.765,-19.805,27.51868928564731,8.637011242444363,31.24218080394693,2030.0,20,35.21482
1016,-0.153,-38.369,2.567,-46.971,-0.969,-18.003,29.18301423773768,8.661916052771803,33.090290220034646,2032.0,20,35.21482
1017,-0.017,-39.423,1.819,-47.787000000000006,-0.663,-18.751,29.141887721971617,8.38236306497675,32.17618685617755,2034.0,20,35.21482
1018,-0.255,-39.049,2.397,-47.583000000000006,-0.799,-21.505000000000003,26.27311363352277,8.198545484842038,29.64186898568269,2036.0,20,35.21482
1019,-0.289,-38.845000000000006,2.601,-46.699000000000005,-0.765,-20.349,26.564119710617177,8.086058352625358,30.40535409312584,2038.0,20,35.21482
1020,0.255,-40.919,3.349,-46.223000000000006,-0.425,-21.063,25.44147550752511,8.037849770512842,30.593523598448726,2040.0,20,35.21482
1021,0.357,-40.851000000000006,3.0090000000000003,-46.631,0.153,-25.823,21.00308548761348,7.34528913891675,25.52810457732231,2042.0,20,35.21482
1022,0.153,-39.831,2.431,-46.903000000000006,0.017,-24.973000000000003,22.062463507051973,7.441895996348474,27.22922926868716,2044.0,20,35.21482
1023,0.051,-41.973000000000006,3.4850000000000003,-45.747,0.051,-24.021,21.995713946130508,7.054937435581467,29.31158521817868,2046.0,20,35.21482
1024,0.221,-43.231,3.723,-44.86300000000001,0.255,-24.497000000000003,20.65916213209045,7.818886282995577,30.998889871733617,2048.0,20,35.21482
1025,0.119,-43.775000000000006,3.893,-44.523,-0.119,-23.647,21.25802248564057,6.880138655845152,34.17447562421827,2050.0,20,35.21482
1026,-0.085,-42.857000000000006,3.825,-44.523,0.323,-23.851000000000003,20.96653495454125,7.270298409597972,33.66055586058024,2052.0,20,35.21482
1027,-0.017,-42.789,3.519,-43.469,-0.221,-23.035,20.77344352773512,7.494741494989159,35.998328152324696,2054.0,20,35.21482
1028,-0.187,-42.381,3.621,-43.911,-0.561,-23.987,20.358165437975988,6.798433545314351,34.8260934560513,2056.0,20,35.21482
1029,0.085,-41.73500000000001,3.2470000000000003,-44.42100000000001,-0.187,-23.035,21.65994810704772,7.792336563282589,32.75130341701918,2058.0,20,35.21482
1030,0.085,-42.551,3.3150000000000004,-42.483,-0.391,-25.143,17.73161120710693,7.198431580380085,32.273756243701406,2060.0,20,35.21482
1031,0.289,-43.197,2.873,-42.381,0.187,-33.473,9.304142088338937,5.53679636929279,25.478814384980637,2062.0,20,35.21482
1032,0.119,-43.129000000000005,2.635,-41.667,-0.5950000000000001,-30.617,11.512402008269168,4.722940668574952,30.51266241099459,2064.0,20,35.21482
1033,-0.153,-43.503,1.887,-41.73500000000001,-0.391,-32.453,9.557447776472548,4.325845140219982,25.394873367379592,2066.0,20,35.21482
1034,0.119,-43.197,2.431,-41.497,-0.5950000000000001,-33.745000000000005,8.321669303691419,5.132361173297326,25.53695350577849,2068.0,20,35.21482
1035,0.527,-42.211000000000006,1.3090000000000002,-47.923,-0.493,-35.785000000000004,12.271032882361617,4.802883646821109,15.61789206155383,2070.0,20,35.21482
1036,0.357,-41.463,3.689,-43.775000000000006,-0.153,-35.173,9.421006740258708,3.5366355411636934,15.482878118966276,2072.0,20,35.21482
1037,0.527,-42.177,2.023,-46.835,-0.221,-43.333000000000006,4.15927157084026,2.5627713092753197,11.96436728745604,2074.0,20,35.21482
1038,-0.425,-42.959,2.7710000000000004,-47.617,0.8670000000000001,-36.193000000000005,11.58157985768781,2.719789932525674,15.552295117468873,2076.0,20,35.21482
1039,-0.765,-43.469,3.4850000000000003,-46.563,0.7310000000000001,-37.145,9.812402356202073,2.7341790074862424,17.04925293162261,2078.0,20,35.21482
1040,-1.275,-43.469,3.1790000000000003,-46.121,0.221,-37.723000000000006,8.903716527383382,2.9000999475896534,16.254937345111063,2080.0,20,35.21482
1041,-1.105,-42.925,1.785,-47.481,-0.527,-36.431,11.289280047903851,2.905455828596565,15.725672941096104,2082.0,20,35.21482
1042,-1.173,-43.639,3.111,-46.223000000000006,0.901,-37.417,9.079082332482727,2.889054689306098,14.967573087539398,2084.0,20,35.21482
1043,-1.105,-43.197,3.1790000000000003,-46.42700000000001,-0.187,-35.887,11.064427504394432,3.111124152958108,16.803122040557454,2086.0,20,35.21482
1044,-1.139,-44.217000000000006,2.057,-47.175,0.391,-37.383,9.932714633975952,2.2768448464282605,12.76392750915717,2088.0,20,35.21482
1045,-0.391,-45.509,-0.935,-46.835,-2.1590000000000003,-41.667,5.310969779616525,2.690589167831884,7.281680031234413,2090.0,20,35.21482
1046,0.085,-45.645,-0.629,-44.999,-0.187,-39.899,5.119117502070059,2.650187825696381,9.767409992160909,2092.0,20,35.21482
1047,0.7310000000000001,-44.251000000000005,3.655,-45.815000000000005,0.969,-37.859,8.397174048452253,3.141100715925069,12.298259635653167,2094.0,20,35.21482
1048,0.799,-43.469,2.907,-43.401,0.901,-35.479,8.172032794843643,3.664500183531039,16.88152411651598,2096.0,20,35.21482
1049,0.935,-43.809000000000005,0.119,-38.131,0.357,-33.847,4.290606017802148,4.074090662962709,5.04385687757088,2098.0,20,35.21482
1050,0.935,-42.449000000000005,4.131,-44.693000000000005,0.459,-32.385000000000005,12.84408221711462,4.284812061458723,16.46318655117051,2100.0,20,35.21482
1051,0.527,-40.919,0.663,-37.417,-0.765,-32.725,4.904492634309894,4.995659464932418,7.53544627876647,2102.0,20,35.21482
1052,0.561,-41.327000000000005,0.153,-42.857000000000006,-0.187,-34.731,8.133109860317886,3.1286071097193733,11.450785539656296,2104.0,20,35.21482
1053,0.391,-41.633,-0.119,-38.233,0.187,-36.907,1.360849734540886,2.693584570624401,3.424950350423906,2106.0,20,35.21482
1054,-0.323,-42.075,-0.6970000000000001,-37.349,0.8670000000000001,-36.057,2.0286350090639766,2.2154734169935963,9.121341048350418,2108.0,20,35.21482
1055,-0.391,-41.973000000000006,-0.493,-35.989000000000004,0.935,-36.975,1.735332821103779,2.566834810276151,4.48633032488359,2110.0,20,35.21482
1056,-0.187,-41.327000000000005,-0.7310000000000001,-33.439,0.221,-36.703,3.4000000000000004,3.0516644627642315,3.9719416643894334,2112.0,20,35.21482
1057,0.187,-40.375,-0.5950000000000001,-33.167,0.527,-35.309000000000005,2.4180669965904587,3.1735279193068946,3.9878411491657832,2114.0,20,35.21482
1058,-0.017,-39.151,-0.289,-31.297,-0.357,-32.147000000000006,0.8527156618709428,3.713499557937338,,2116.0,20,35.21482
1059,-0.153,-38.369,0.459,-31.501,-0.629,-31.637000000000004,1.0964670537686028,4.176224988261854,4.14352534990397,2118.0,20,35.21482
1060,-0.255,-38.335,-0.629,-29.257,0.527,-31.943,2.924197667737255,4.059149335104875,5.388088464125144,2120.0,20,35.21482
1061,0.051,-36.635000000000005,-0.119,-28.849000000000004,0.119,-28.883000000000003,0.2404163056034262,4.726292770947724,0.5594965510480876,2122.0,20,35.21482
1062,0.255,-36.295,,,,,0.2404163056034262,5.103324665967503,,2124.0,20,35.21482
1063,0.221,-35.292,0.5950000000000001,-25.823,0.663,-25.687,0.1520526224699857,5.233180251730243,,2126.0,20,35.21482
1064,0.051,-35.003,-0.7310000000000001,-32.759,0.391,-25.313,7.530059760719035,5.417774406865468,10.4841700677194,2128.0,20,35.21482
1065,-0.085,-35.717000000000006,-0.255,-33.235,-0.425,-26.163,7.07404297414145,5.620610960012428,30.974318476226465,2130.0,20,35.21482
1066,-0.017,-35.717000000000006,-1.275,-41.157,0.255,-27.387,13.854739261350248,4.398096052426139,15.09058576582922,2132.0,20,35.21482
1067,0.255,-39.865,-0.391,-38.845000000000006,-0.7310000000000001,-32.249,6.604757073503916,3.0182138285334728,6.872166964719891,2134.0,20,35.21482
1068,-0.289,-40.477,0.8670000000000001,-35.309000000000005,-0.493,-31.943,3.63036582178711,3.256920927959948,8.596169348466605,2136.0,20,35.21482
1069,-0.391,-39.525000000000006,0.663,-32.793,-0.765,-30.651000000000003,2.5743636106812886,3.655938595764431,9.098998844892735,2138.0,20,35.21482
1070,-0.153,-38.709,0.7310000000000001,-35.649,-0.289,-30.005000000000003,5.735428144436996,3.939041907316781,6.668611609653354,2140.0,20,35.21482
1071,-0.153,-38.743,0.561,-34.187000000000005,-0.085,-29.461,4.769946750226883,3.849471782191331,7.215478350996901,2142.0,20,35.21482
1072,-0.323,-37.383,-1.5810000000000002,-43.945,-0.391,-28.815,15.176725602052638,4.188146408697317,15.751232937591633,2144.0,20,35.21482
1073,-0.255,-36.669,-1.3430000000000002,-44.42100000000001,0.799,-28.135,16.426258247087194,4.667841495534656,17.116645766616607,2146.0,20,35.21482
1074,-0.119,-35.853,-0.561,-29.529000000000003,0.765,-26.503000000000004,3.3037784429346955,4.826114958579852,6.751985258156194,2148.0,20,35.21482
1075,-0.357,-35.989000000000004,,,,,3.3037784429346955,5.148043660297856,,2150.0,20,35.21482
1076,0.051,-33.065000000000005,-0.187,-42.279,0.7310000000000001,-25.857000000000003,16.44763837151097,4.79872988854736,18.91217964326581,2152.0,20,35.21482
1077,0.153,-35.649,-1.445,-41.293000000000006,-0.799,-29.733,11.578035930156725,3.4725057798661743,14.018308459310106,2154.0,20,35.21482
1078,-0.255,-35.921,-1.445,-41.701,-0.663,-29.631000000000004,12.09530586632682,3.738856035965788,13.041523516727583,2156.0,20,35.21482
1079,-0.085,-36.329,-0.799,-28.713,0.5950000000000001,-29.733,1.7273204682397534,4.0540482188473765,2.1569557551748715,2158.0,20,35.21482
1080,-0.017,-33.881,0.5950000000000001,-27.829,-0.629,-27.965000000000003,1.2315323787866888,4.384623801989013,11.872990715328024,2160.0,20,35.21482
1081,-0.187,-35.071000000000005,-0.527,-27.421000000000003,0.561,-29.291,2.1634796047108926,4.262512074104608,9.010011883817343,2162.0,20,35.21482
1082,-0.187,-35.309000000000005,-0.765,-27.047,0.5950000000000001,-29.869000000000003,3.1326161590593893,3.860824390379234,6.75164452909814,2164.0,20,35.21482
1083,0.017,-36.261,0.153,-29.767000000000003,-0.051,-32.113,2.3548528616455,3.386991769483245,2.865433717445876,2166.0,20,35.21482
1084,-0.051,-36.55,-0.799,-29.427000000000003,0.289,-31.433000000000003,2.2820560904587777,3.510504080689994,3.377090217366731,2168.0,20,35.21482
1085,-0.017,-36.023,-0.765,-28.271,0.5950000000000001,-30.073,2.257610240940628,3.807387182768608,4.626505153451183,2170.0,20,35.21482
1086,0.221,-35.139,,,,,2.257610240940628,4.355001360318577,,2172.0,20,35.21482
1087,-0.017,-35.241,-0.051,-27.727,-0.561,-28.917,1.2946814279968646,4.027551490461275,11.336976327726047,2174.0,20,35.21482
1088,-0.153,-34.289,0.119,-25.653,0.527,-26.775,1.193879390893402,4.706492421912165,5.37460140419134,2176.0,20,35.21482
1089,0.017,-32.827000000000005,-0.221,-25.211,-0.7310000000000001,-26.401000000000003,1.2946814279968646,5.17209270937704,4.335862906850631,2178.0,20,35.21482
1090,-0.119,-34.833000000000006,-0.085,-26.809,0.5950000000000001,-30.549000000000003,3.8013155617496426,4.038847444056737,8.441063660161616,2180.0,20,35.21482
1091,0.255,-37.825,-0.459,-28.577,0.5950000000000001,-32.963,4.510865992245835,3.680786083520963,4.994331011586018,2182.0,20,35.21482
1092,0.187,-39.933,-0.799,-28.985000000000003,-0.561,-37.723000000000006,8.741240644210638,4.080115229027589,12.629376223165975,2184.0,20,35.21482
1093,0.119,-38.913,,,,,8.741240644210638,4.16893242215335,,2186.0,20,35.21482
1094,-0.085,-38.641000000000005,-0.357,-25.653,-0.391,-43.707,18.05403201503753,4.557372807865096,19.171096110676395,2188.0,20,35.21482
1095,-0.629,-40.613,-0.357,-24.667,-0.629,-48.399,23.73355868806868,7.27728021395012,25.582507360509272,2190.0,20,35.21482
1096,-0.459,-41.293000000000006,-0.5950000000000001,-32.419000000000004,3.3830000000000005,-46.733,14.856482760061349,5.368971250096259,19.37493265736527,2192.0,20,35.21482
1097,-0.051,-39.423,-0.391,-26.707,0.935,-48.467000000000006,21.800364125399373,6.150171720080775,25.77919151355321,2194.0,20,35.21482
1098,0.017,-39.253,-0.391,-25.143,2.9410000000000003,-47.107000000000006,22.215299232735987,6.591398417100153,25.05797329016876,2196.0,20,35.21482
1099,0.051,-39.389,-0.8670000000000001,-24.769,2.363,-47.753,23.209850408824263,7.01551950881515,25.94533462864105,2198.0,20,35.21482
1100,0.187,-39.423,-0.663,-23.579,2.4650000000000003,-47.719,24.34181554444943,7.315920755843108,27.077797382660613,2200.0,20,35.21482
1101,0.323,-39.083000000000006,-0.6970000000000001,-23.239,0.187,-36.091,12.882366242270868,7.304697658476227,13.500992090394409,2202.0,20,35.21482
1102,0.765,-40.103,0.017,-34.969,0.187,-48.501000000000005,13.53306779706656,7.413227993926858,16.072549706727216,2204.0,20,35.21482
1103,0.085,-39.015,-0.8670000000000001,-23.273000000000003,2.5330000000000004,-47.651,24.613957097549356,7.492143289845747,27.18767111479766,2206.0,20,35.21482
1104,-0.119,-40.069,-0.7310000000000001,-33.983000000000004,2.737,-47.345000000000006,13.804711804307978,7.967611229492806,17.155988796807446,2208.0,20,35.21482
1105,-0.085,-40.511,-0.357,-34.357,3.0090000000000003,-46.971,13.055380193621328,8.027335012032488,17.106657746962433,2210.0,20,35.21482
1106,-0.153,-40.069,-0.901,-21.811,2.4650000000000003,-47.277,25.68748940632385,8.188784543268957,31.39099647744582,2212.0,20,35.21482
1107,-0.085,-40.919,-0.7310000000000001,-21.097,3.655,-46.223000000000006,25.505937975302928,8.435204568997102,33.744764646922825,2214.0,20,35.21482
1108,-0.153,-40.647000000000006,-0.629,-20.417,3.1790000000000003,-47.005,26.85931138357795,8.270012288302082,32.74566809637032,2216.0,20,35.21482
1109,-0.153,-40.035,-0.493,-22.287000000000003,-3.519,-44.42100000000001,22.339888809033944,6.956053359906923,27.38867723777462,2218.0,20,35.21482
1110,-0.153,-40.205000000000005,0.6970000000000001,-27.965000000000003,-0.221,-47.447,19.50361628006458,7.485174474134179,22.204469844009864,2220.0,20,35.21482
1111,0.629,-39.491,0.629,-27.761000000000003,-0.493,-48.229000000000006,20.49872942403992,7.903242547459665,21.97959708952376,2222.0,20,35.21482
1112,0.391,-39.593,0.629,-24.633000000000003,-0.8330000000000001,-48.059000000000005,23.471576853718204,8.069312297572603,26.86089449772248,2224.0,20,35.21482
1113,-0.187,-38.437000000000005,-0.391,-21.437,-0.051,-48.399,26.96414367266278,8.289188386714565,30.00319455231858,2226.0,20,35.21482
1114,0.221,-39.321000000000005,-0.221,-21.573,1.275,-48.195,26.664000075007504,8.5315060488598,31.113465931980382,2228.0,20,35.21482
1115,0.153,-39.287000000000006,0.187,-22.933000000000003,0.663,-48.467000000000006,25.538436365603907,8.030132222156812,28.84891288052834,2230.0,20,35.21482
1116,0.085,-39.967000000000006,0.289,-21.267000000000003,1.5470000000000002,-48.025000000000006,26.787555468911307,8.236456047377347,31.864841565583752,2232.0,20,35.21482
1117,-0.221,-39.882000000000005,-0.425,-19.363000000000003,0.8330000000000001,-48.297,28.96133491398489,8.622930190681172,33.23551253167971,2234.0,20,35.21482
1118,-0.119,-40.579,-0.357,-20.825000000000003,-3.451,-44.319,23.696853630809304,8.327019523560224,31.37879527697329,2236.0,20,35.21482
1119,-0.017,-38.641000000000005,-0.017,-32.657000000000004,-0.561,-45.509,12.863508075171408,6.88930147952366,16.563291165379365,2238.0,20,35.21482
1120,-0.221,-38.641000000000005,-0.527,-25.279000000000003,1.105,-45.883,20.66853260393684,6.5892190930378485,23.76162665513188,2240.0,20,35.21482
1121,0.493,-39.389,-0.527,-30.073,2.7710000000000004,-47.54900000000001,17.78447019171502,6.73513487919162,20.545220108042216,2242.0,20,35.21482
1122,0.153,-38.437000000000005,-0.017,-24.259,2.363,-47.277,23.140715719268496,6.741239943968251,26.74918985833684,2244.0,20,35.21482
1123,0.289,-38.964000000000006,-0.017,-27.285000000000004,1.3430000000000002,-48.059000000000005,20.81846958832469,7.086019722770622,26.7727969655085,2246.0,20,35.21482
1124,0.663,-39.899,-0.527,-29.563,-0.153,-48.43300000000001,18.873705942395095,7.897878788063557,22.48205731307399,2248.0,20,35.21482
1125,0.085,-38.675,-0.493,-20.825000000000003,0.799,-48.43300000000001,27.638214993012845,8.051507014893916,31.259120068466743,2250.0,20,35.21482
1126,-0.323,-37.995000000000005,-0.323,-27.387,1.3090000000000002,-48.297,20.973591108820635,9.045861755191275,23.46851745545837,2252.0,20,35.21482
1127,-0.289,-39.967000000000006,-0.255,-27.795,3.621,-46.665000000000006,19.26396314365245,8.76299731783315,25.94121954493079,2254.0,20,35.21482
1128,0.085,-40.205000000000005,-0.527,-19.669,3.0770000000000004,-46.835,27.4040210918033,8.156800485723329,33.21234239471667,2256.0,20,35.21482
1129,0.561,-40.205000000000005,-0.5950000000000001,-23.103,2.023,-48.059000000000005,25.092944426671018,7.903658445976903,31.085241845706246,2258.0,20,35.21482
1130,0.663,-39.831,-0.493,-21.675,0.255,-48.535,26.8704131713675,8.15264897785688,30.65341921436795,2260.0,20,35.21482
1131,0.459,-39.117,-0.017,-20.859,-0.119,-47.481,26.62219540158174,8.149479847588061,30.340253660746683,2262.0,20,35.21482
1132,0.153,-40.511,-0.221,-20.961,-2.023,-47.005,26.106266297576912,8.17080985098688,31.888794567041323,2264.0,20,35.21482
1133,-0.051,-39.933,-0.7310000000000001,-23.681,-0.493,-47.957,24.27716663863393,8.27854489523508,27.90419871777172,2266.0,20,35.21482
1134,0.187,-40.103,-0.119,-23.817,-1.207,-47.481,23.68899829034567,8.63960205418823,28.27120975206331,2268.0,20,35.21482
1135,0.289,-40.273,0.561,-20.009,-0.493,-34.969,14.997083583150427,8.89722106589937,16.344409206847914,2270.0,20,35.21482
1136,-0.119,-39.848000000000006,-0.527,-23.409,-1.921,-46.767,23.399559824919784,7.458992030584283,28.60383586698047,2272.0,20,35.21482
1137,0.493,-41.939,0.221,-27.115,0.119,-47.073,19.95826064565748,6.590882457002402,22.022339377445565,2274.0,20,35.21482
1138,0.085,-40.477,0.221,-25.755000000000003,-1.955,-46.801,21.158192077774512,7.886143715554077,25.288919362673766,2276.0,20,35.21482
1139,0.085,-41.259,0.153,-25.653,-1.683,-46.767,21.1936757548095,7.761782177801102,25.184699768418398,2278.0,20,35.21482
1140,0.153,-40.035,0.289,-23.885,-1.445,-47.481,23.659627469594696,7.437830826154642,26.145895734624208,2280.0,20,35.21482
1141,-0.289,-42.313,-0.6970000000000001,-33.983000000000004,-0.799,-45.543000000000006,11.560449991241692,6.689189785133542,16.888062815952534,2282.0,20,35.21482
1142,-0.493,-41.905,-0.7310000000000001,-32.725,-2.4650000000000003,-46.223000000000006,13.60892207340464,7.833026355043957,18.82257481917144,2284.0,20,35.21482
1143,-0.051,-37.689,-2.7710000000000004,-46.121,-2.1590000000000003,-46.461000000000006,0.7001028495871161,7.330018250741881,0.8366018808291699,2286.0,20,35.21482
1144,-0.527,-41.106,-0.799,-26.775,1.5470000000000002,-48.263000000000005,21.615685508445026,8.118688951956438,27.53973034420823,2288.0,20,35.21482
1145,-0.425,-41.361,-0.051,-30.549000000000003,2.737,-47.685,17.361320226296158,7.62641946321361,24.9798080216326,2290.0,20,35.21482
1146,-0.085,-41.123000000000005,-0.289,-23.001,3.723,-46.461000000000006,23.80058285000601,7.765155890907859,33.76538014263895,2292.0,20,35.21482
1147,-0.255,-41.565000000000005,-0.187,-22.185,3.961,-44.965,23.154574148534884,8.155213412696536,35.97779335666733,2294.0,20,35.21482
1148,-0.459,-42.109,-0.935,-22.253,2.669,-47.379000000000005,25.3831576443909,7.804927604953972,33.6517790369945,2296.0,20,35.21482
1149,-0.187,-41.361,-0.357,-23.443,3.0090000000000003,-47.039,23.83487302252731,7.053519116584671,30.813342458388004,2298.0,20,35.21482
1150,-0.153,-41.599,0.527,-24.089,3.825,-44.693000000000005,20.86627949587564,7.363750273751677,32.17335171281486,2300.0,20,35.21482
1151,0.017,-41.599,0.289,-21.743,3.4170000000000003,-46.733,25.18500514194905,7.759522146739701,35.35111580834239,2302.0,20,35.21482
1152,-0.153,-43.129000000000005,0.493,-27.285000000000004,3.145,-47.243,20.133426633337905,6.306246280519271,30.182598362990024,2304.0,20,35.21482
1153,0.459,-41.837,0.255,-21.879,2.567,-47.583000000000006,25.807769372807098,7.653460538345755,34.843522908503694,2306.0,20,35.21482
1154,0.561,-40.817,0.255,-26.095,1.5470000000000002,-47.345000000000006,21.28924056888832,7.950831813810772,27.23520113331457,2308.0,20,35.21482
1155,0.493,-40.987,0.119,-33.473,0.051,-46.495000000000005,13.02217754448157,7.811389478209401,16.62509344235266,2310.0,20,35.21482
1156,0.085,-39.899,-0.7310000000000001,-24.395000000000003,0.153,-47.99100000000001,23.612553271512173,7.01390289574877,27.364585523270005,2312.0,20,35.21482
1157,-0.153,-40.511,0.6970000000000001,-33.099000000000004,0.187,-47.787000000000006,14.696851499555953,4.977609135637542,17.194309806595026,2314.0,20,35.21482
1158,-0.323,-41.055,-0.629,-28.781,1.989,-47.957,19.353885914720077,5.869360995497014,24.48945975715146,2316.0,20,35.21482
1159,-0.119,-40.477,-0.663,-25.959000000000003,0.425,-47.99100000000001,22.058847839359156,6.305053176503502,26.487660842295696,2318.0,20,35.21482
1160,0.221,-42.143,-0.527,-32.691,2.023,-47.311,14.840717637634643,6.553519992974357,18.91963286927176,2320.0,20,35.21482
1161,0.289,-42.109,0.527,-33.541000000000004,2.5330000000000004,-47.175,13.780783432011406,7.022787152171174,18.188143706871728,2322.0,20,35.21482
1162,0.221,-42.483,0.6970000000000001,-33.847,3.2470000000000003,-46.257000000000005,12.669277801042965,7.340735594011058,18.963452492390036,2324.0,20,35.21482
1163,0.017,-42.007000000000005,-0.357,-33.677,3.0090000000000003,-46.495000000000005,13.252587671847335,7.11914901293332,18.70419027870435,2326.0,20,35.21482
1164,0.493,-41.123000000000005,0.017,-33.439,1.819,-47.515,14.190876646634628,7.0030877547402905,17.717993380215077,2328.0,20,35.21482
1165,0.935,-39.865,0.425,-32.045,1.411,-46.971,14.9585317461307,7.059946765086697,16.73429867749147,2330.0,20,35.21482
1166,0.289,-40.579,0.527,-23.715000000000003,-2.601,-46.835,23.330640454132418,7.424552169459823,29.27446167534004,2332.0,20,35.21482
1167,-0.119,-42.517,0.085,-25.687,-2.737,-45.713,20.223856209931878,7.429755646185501,30.65376990400384,2334.0,20,35.21482
1168,-0.017,-42.738,0.459,-22.865,-3.281,-45.917,23.35342167649101,7.742259787911983,35.14637907170328,2336.0,20,35.21482
1169,-0.051,-42.313,-0.153,-23.511000000000003,-3.145,-44.625,21.324939859235243,7.303516127845435,32.68820611637383,2338.0,20,35.21482
1170,-0.051,-42.245000000000005,-0.425,-23.783,-3.519,-44.557,21.003140527073565,7.555169228318934,32.72477456592438,2340.0,20,35.21482
1171,-0.051,-41.429,0.119,-31.773000000000003,-2.635,-46.563,15.044222013783234,7.164491882323701,21.83288004637333,2342.0,20,35.21482
1172,0.153,-41.361,-0.357,-24.327,0.391,-46.155,21.840812439101253,7.203821905419415,30.482502951773704,2344.0,20,35.21482
1173,-0.187,-42.415000000000006,-0.357,-25.381,-2.805,-46.155,20.91773840547778,7.133881604173835,31.616255153341815,2346.0,20,35.21482
1174,-0.119,-42.687000000000005,-0.153,-24.497000000000003,-2.737,-46.529,22.183013321007586,7.070032342225841,31.778866753511974,2348.0,20,35.21482
1175,-0.017,-41.905,-0.765,-28.611,-2.431,-47.175,18.63860649297581,5.744870586058311,27.97600950619901,2350.0,20,35.21482
1176,0.425,-41.225,-0.425,-30.175,0.391,-48.535,18.378124387434102,4.824975080880984,25.041996773936035,2352.0,20,35.21482
1177,0.187,-41.344,0.323,-28.747000000000003,1.751,-47.753,19.059570299458485,5.738422184713586,23.587375319602387,2354.0,20,35.21482
1178,0.289,-40.817,0.085,-32.623000000000005,2.9410000000000003,-47.209,14.862978570932544,4.993587038800454,17.57017467240269,2356.0,20,35.21482
1179,-0.051,-39.865,-0.221,-27.625000000000004,3.723,-45.98500000000001,18.778837450704984,6.024296948147712,23.755181675107863,2358.0,20,35.21482
1180,0.255,-40.069,0.051,-27.591,3.5530000000000004,-46.155,18.891429273615064,5.786799057876864,22.79034693506464,2360.0,20,35.21482
1181,0.221,-40.511,-0.119,-27.319000000000003,2.669,-47.685,20.55594561191482,5.696270595606881,24.14250784644981,2362.0,20,35.21482
1182,0.323,-40.545,0.017,-27.149,1.921,-48.127,21.06422797066154,5.953229638633389,25.99956141252078,2364.0,20,35.21482
1183,0.5950000000000001,-40.885000000000005,-0.493,-25.415000000000003,-0.425,-47.821000000000005,22.40610318640883,6.709150450362785,27.86493657202953,2366.0,20,35.21482
1184,0.051,-41.055,-0.7310000000000001,-25.177000000000003,-2.057,-47.481,22.343381391365096,6.714205208280133,28.21338028506489,2368.0,20,35.21482
1185,-0.153,-40.783,-0.8330000000000001,-25.041,-2.4650000000000003,-46.631,21.65159402907786,6.9083234736830015,27.990753442237025,2370.0,20,35.21482
1186,-0.051,-39.355,-0.8670000000000001,-22.151000000000003,-0.901,-46.393,24.242023842905528,7.267425579785566,29.003055668470736,2372.0,20,35.21482
1187,0.051,-39.831,-0.425,-22.015,-2.2270000000000003,-46.42700000000001,24.478418004438115,8.258521637166428,29.25757831381481,2374.0,20,35.21482
1188,-0.017,-40.409000000000006,0.017,-20.553,-2.7030000000000003,-45.98500000000001,25.577040954731256,8.334197814350915,31.34988981070812,2376.0,20,35.21482
1189,0.357,-40.885000000000005,0.5950000000000001,-29.529000000000003,-2.9410000000000003,-45.271,16.13424494669645,6.975611004704064,21.717898232070613,2378.0,20,35.21482
1190,0.425,-40.613,0.425,-32.147000000000006,-2.9410000000000003,-46.359,14.605166893945444,7.079250059161363,19.156746478531407,2380.0,20,35.21482
1191,0.323,-41.089000000000006,0.017,-33.133,-2.601,-46.665000000000006,13.782922331639254,7.354675796774597,20.30696045908124,2382.0,20,35.21482
1192,0.289,-41.429,0.357,-26.809,-2.057,-47.209,20.542331805323368,8.070428577427736,28.46981482340589,2384.0,20,35.21482
1193,0.187,-41.565000000000005,0.629,-25.483,-2.499,-46.291,21.04179764183659,8.050008427909214,28.895431166025705,2386.0,20,35.21482
1194,0.153,-42.075,0.119,-25.347,-2.7710000000000004,-45.237,20.09886066422672,8.375225507436182,30.483572553958627,2388.0,20,35.21482
1195,-0.051,-42.143,-0.221,-25.007,-3.145,-45.815000000000005,21.01244012484033,8.174861019321845,30.97317600160775,2390.0,20,35.21482
1196,-0.459,-42.891000000000005,-0.051,-23.477,-3.3830000000000005,-43.503,20.3013029138526,7.815131354002559,34.57364803094854,2392.0,20,35.21482
1197,0.187,-42.211000000000006,-0.629,-27.625000000000004,-3.349,-45.713,18.291368018822432,6.5152313575024765,26.919029550109148,2394.0,20,35.21482
1198,0.629,-41.599,0.323,-29.733,-3.0090000000000003,-46.155,16.756619826206002,5.81690186676236,27.569404678930912,2396.0,20,35.21482
1199,0.425,-41.191,-0.391,-28.509,-2.5330000000000004,-47.141000000000005,18.75472175213485,6.631771196187147,27.234217322317814,2398.0,20,35.21482
1200,0.6970000000000001,-42.449000000000005,-0.017,-35.445,-1.683,-47.481,12.150755202867025,5.094613509649386,18.26921734608758,2400.0,20,35.21482
1201,-0.153,-41.293000000000006,0.051,-25.177000000000003,-2.091,-47.345000000000006,22.271245766683105,8.021937771849675,32.8461221417978,2402.0,20,35.21482
1202,0.289,-41.055,-0.187,-24.055000000000003,-1.275,-47.651,23.62107025517684,8.029341780349828,30.777641520014303,2404.0,20,35.21482
1203,0.459,-41.701,-0.6970000000000001,-23.001,-1.241,-47.039,24.04415479903588,8.102757431105323,32.41722842942449,2406.0,20,35.21482
1204,0.051,-41.73500000000001,-0.051,-29.019,-1.5470000000000002,-47.141000000000005,18.18364374925994,7.981767597662358,25.43995545746584,2408.0,20,35.21482
1205,-0.017,-41.463,0.153,-25.653,-1.887,-46.86900000000001,21.31385127094585,8.07898435971035,28.563411533409088,2410.0,20,35.21482
1206,-0.017,-42.925,,,,,21.31385127094585,8.275637228529996,,2412.0,20,35.21482
1207,-0.187,-43.061,0.255,-25.007,-2.567,-42.585,17.80308310377728,7.699842816442525,33.64971194240943,2414.0,20,35.21482
1208,0.085,-43.401,0.187,-23.341,-2.567,-42.041,18.901706695428327,7.411161975316479,35.34399804094132,2416.0,20,35.21482
1209,-0.017,-42.551,-0.765,-24.021,-1.717,-47.787000000000006,23.785059596309612,7.321430147927558,30.826610594744885,2418.0,20,35.21482
1210,-0.629,-41.667,0.051,-27.353,1.0710000000000002,-48.127,20.799025842572533,6.143748425542426,25.102201655619883,2420.0,20,35.21482
1211,-0.527,-41.599,-0.153,-25.687,2.737,-46.937000000000005,21.44561959934942,6.6913206624335295,27.779334374411025,2422.0,20,35.21482
1212,-0.323,-42.075,0.425,-27.727,2.567,-47.685,20.07261637156452,5.748319317292857,27.160489751081503,2424.0,20,35.21482
1213,-0.425,-40.103,0.765,-29.699,0.6970000000000001,-46.325,16.626139058723165,5.606075920960423,21.705988099894224,2426.0,20,35.21482
1214,-0.425,-40.715,0.323,-34.153000000000006,1.989,-46.631,12.588726702887788,6.256310505658627,17.691476370661277,2428.0,20,35.21482
1215,0.153,-40.715,0.663,-25.687,3.757,-46.155,20.70052801258944,6.227589353739999,27.59877979819768,2430.0,20,35.21482
1216,0.017,-39.967000000000006,-0.527,-32.725,3.0770000000000004,-47.141000000000005,14.85967267472605,5.482189088779063,19.41268488492328,2432.0,20,35.21482
1217,-0.051,-39.763000000000005,-0.6970000000000001,-25.891,-1.0710000000000002,-46.597,20.7093773928624,5.675348677804653,23.533929975642675,2434.0,20,35.21482
1218,0.629,-40.681,0.765,-28.849000000000004,0.323,-44.081,15.238411597013648,5.34309385687263,19.8021686860087,2436.0,20,35.21482
1219,0.425,-37.213,0.255,-29.699,2.2950000000000004,-43.877,14.324010751182785,4.733405029418735,16.931170139331822,2438.0,20,35.21482
1220,0.425,-35.683,-0.153,-31.909,0.901,-41.73500000000001,9.88236773248193,2.944060219302888,10.553195700782313,2440.0,20,35.21482
1221,-0.221,-30.957,0.765,-35.071000000000005,0.527,-35.377,0.3876596445337069,2.5424774042985634,0.5987099390179714,2442.0,20,35.21482
1222,0.017,-30.243,-0.6970000000000001,-23.987,-0.391,-37.587,13.603442064418845,4.251398870742433,15.28229663891026,2444.0,20,35.21482
1223,0.051,-32.861000000000004,0.493,-28.815,0.935,-37.859,9.054794310198329,2.6295195804147413,11.0720555880179,2446.0,20,35.21482
1224,-0.051,-34.493,-0.765,-31.773000000000003,0.799,-37.315000000000005,5.758459863539903,1.8407754966759764,6.798362526360943,2448.0,20,35.21482
1225,-0.051,-34.765,0.391,-31.161,0.8670000000000001,-33.541000000000004,2.427133288470166,1.6992132682492074,5.107064677307994,2450.0,20,35.21482
1226,0.153,-34.527,,,,,2.427133288470166,2.204217840215029,,2452.0,20,35.21482
1227,0.051,-34.119,0.527,-29.393,-0.561,-35.309000000000005,6.015214044404405,2.779895380554553,14.836498313235502,2454.0,20,35.21482
1228,0.119,-34.119,0.8670000000000001,-31.535000000000004,-0.119,-36.159000000000006,4.727956429579274,2.7858677935051084,14.574249595060593,2456.0,20,35.21482
1229,0.153,-34.017,-0.765,-30.379,-0.6970000000000001,-36.057,5.678407171029567,2.2636709939756128,7.923481836928409,2458.0,20,35.21482
1230,0.051,-34.119,-0.799,-29.393,0.799,-38.097,8.849475690683603,2.390752911685208,9.95582917728297,2460.0,20,35.21482
1231,-0.051,-34.935,-0.6970000000000001,-29.291,1.207,-40.919,11.782851946791151,3.0423942441069074,,2462.0,20,35.21482
1232,0.391,-35.615,-0.561,-36.091,2.193,-41.293000000000006,5.886027522871433,3.9411571712356026,9.625633684787726,2464.0,20,35.21482
1233,0.255,-35.207,-0.323,-29.665000000000003,2.397,-42.687000000000005,13.3030404043587,3.825356660172545,15.312880401301404,2466.0,20,35.21482
1234,0.663,-36.023,-0.221,-29.461,2.907,-45.849,16.6838523129402,4.676627011585137,17.866837064667145,2468.0,20,35.21482
1235,0.5950000000000001,-36.074000000000005,-0.051,-31.671000000000003,2.1590000000000003,-47.855,16.334195909196144,5.649904894153273,17.412477313257337,2470.0,20,35.21482
1236,0.5950000000000001,-35.819,,,,,16.334195909196144,5.862308158878762,,2472.0,20,35.21482
1237,0.7310000000000001,-36.363,,,,,16.334195909196144,6.379879625527183,,2474.0,20,35.21482
1238,0.527,-36.635000000000005,,,,,16.334195909196144,5.805118080022625,,2476.0,20,35.21482
1239,0.561,-38.403000000000006,-0.765,-31.331000000000003,-3.3150000000000004,-45.645,14.539363672458297,5.555070566705449,22.27662686658175,2478.0,20,35.21482
1240,0.323,-38.573,-0.255,-32.589000000000006,-1.445,-47.99100000000001,15.44790289974662,5.604399080475626,22.886054032406197,2480.0,20,35.21482
1241,-0.153,-39.321000000000005,-0.051,-34.255,0.425,-48.467000000000006,14.219969057631596,6.189692414682354,27.55414619795546,2482.0,20,35.21482
1242,-0.459,-39.423,0.153,-33.405,1.377,-47.345000000000006,13.993633409518774,7.059458274541544,30.058370346152827,2484.0,20,35.21482
1243,0.051,-39.304,-0.153,-26.503000000000004,-0.6970000000000001,-48.127,21.63084168496455,6.589468179680334,25.59791101251001,2486.0,20,35.21482
1244,0.255,-37.757000000000005,-0.289,-28.101000000000003,-0.629,-47.99100000000001,19.89290577065101,6.508929276484011,23.67780385720961,2488.0,20,35.21482
1245,0.119,-38.471,-0.663,-25.279000000000003,0.119,-47.99100000000001,22.72545858723208,6.811745506569206,26.37038343400116,2490.0,20,35.21482
1246,-0.357,-39.355,-0.153,-26.435,1.037,-48.059000000000005,21.656718957404426,7.020427183487554,27.302364610766837,2492.0,20,35.21482
1247,0.255,-40.341,-0.323,-26.605,3.111,-47.209,20.888206529044087,6.973253516884559,28.40632922533613,2494.0,20,35.21482
1248,0.187,-40.273,-0.153,-27.727,2.1590000000000003,-47.957,20.36168568660267,6.990648515189608,27.375278903543315,2496.0,20,35.21482
1249,-0.459,-40.409000000000006,0.255,-29.971000000000004,1.241,-47.515,17.57168551960796,7.155797822895324,25.57889347570104,2498.0,20,35.21482
1250,-0.255,-39.389,-0.391,-25.619000000000003,1.3090000000000002,-48.161,22.60601167831248,7.026238476935464,26.73721820647846,2500.0,20,35.21482
1251,0.085,-38.199000000000005,-0.7310000000000001,-30.039,0.493,-48.399,18.40075476712844,7.227130736496267,26.014018100886247,2502.0,20,35.21482
1252,-0.357,-38.777,-0.119,-27.999,1.445,-48.297,20.358165437975988,7.435577371625678,25.403695418102465,2504.0,20,35.21482
1253,-0.119,-37.859,-0.765,-29.325000000000003,1.3430000000000002,-48.365,19.15633743699458,7.288000024813237,27.57378987623967,2506.0,20,35.21482
1254,-0.527,-37.077000000000005,-0.6970000000000001,-29.903,-3.349,-43.503,13.8561576203506,6.171318303407984,23.077623040295432,2508.0,20,35.21482
1255,-0.153,-36.295,-0.085,-30.991000000000003,0.527,-44.149,13.1722248690189,4.760827823958824,15.620534829948449,2510.0,20,35.21482
1256,0.799,-36.805,-0.6970000000000001,-26.877,3.587,-44.013000000000005,17.66338450014606,5.9268111805376,21.638658727032425,2512.0,20,35.21482
1257,0.459,-38.505,-0.8670000000000001,-25.075000000000003,3.2470000000000003,-45.577000000000005,20.91069104549154,5.758467675300043,23.6620198070421,2514.0,20,35.21482
1258,0.425,-38.199000000000005,-0.493,-23.919,3.5530000000000004,-44.591,21.06422797066154,6.041164188220769,23.90045789010393,2516.0,20,35.21482
1259,0.425,-38.369,-0.119,-25.925,-0.425,-45.373000000000005,19.450407193681063,6.950233368250224,24.421190031304207,2518.0,20,35.21482
1260,0.357,-39.627,0.119,-24.191000000000003,-1.853,-47.481,23.3733370317548,6.815524247812367,27.15483367551607,2520.0,20,35.21482
1261,0.017,-39.627,0.017,-26.673,-0.7310000000000001,-48.331,21.67091294800475,6.587999727383554,25.18108376054037,2522.0,20,35.21482
1262,0.289,-38.811,-0.017,-23.103,-1.411,-48.059000000000005,24.994902920395592,7.077877791546953,30.244947841888784,2524.0,20,35.21482
1263,0.357,-38.369,-0.527,-24.225,-0.935,-48.093,23.871486924781205,6.855718730112032,26.374480910883403,2526.0,20,35.21482
1264,0.425,-38.947,-0.561,-24.055000000000003,-2.2950000000000004,-47.447,23.45618084855248,6.866732935364847,27.94670667506775,2528.0,20,35.21482
1265,0.119,-38.641000000000005,-0.527,-26.265,-0.051,-48.093,21.833189414283936,5.996013828027946,25.710445920471784,2530.0,20,35.21482
1266,0.051,-37.825,-0.629,-29.053,-0.765,-45.747,16.69455396229561,5.426504206014453,18.88143180702783,2532.0,20,35.21482
1267,0.051,-40.307,-0.8330000000000001,-28.237,-0.357,-48.161,19.92968519570743,6.320393665711002,23.72384026250836,2534.0,20,35.21482
1268,-0.051,-39.321000000000005,-0.799,-27.795,-2.261,-47.243,19.50287537774879,6.560290326917101,23.48150701124669,2536.0,20,35.21482
1269,-0.153,-38.539,-0.5950000000000001,-27.727,-1.887,-47.685,19.999775698742223,6.675791263394354,22.957984869612407,2538.0,20,35.21482
1270,0.085,-37.587,-0.017,-26.571,-0.527,-48.399,21.833957131037884,6.612617341036305,23.247407828495067,2540.0,20,35.21482
1271,0.459,-37.825,-0.255,-29.359,-1.445,-47.99100000000001,18.669963149401237,6.809563349670853,23.925775165554352,2542.0,20,35.21482
1272,0.187,-40.171,0.561,-28.339,-1.6150000000000002,-47.277,19.062602655461298,6.384335739349164,22.37870212564206,2544.0,20,35.21482
1273,-0.085,-39.729000000000006,-0.051,-26.299000000000003,0.493,-48.467000000000006,22.174673842020766,6.6707509263789095,25.799547350973327,2546.0,20,35.21482
1274,-0.221,-39.151,0.493,-26.469,2.1590000000000003,-47.787000000000006,21.38299978955245,6.658750392693719,26.05233450866668,2548.0,20,35.21482
1275,0.187,-38.199000000000005,-0.255,-27.421000000000003,0.187,-47.617,20.20083612130944,5.723459107997984,22.04175186122008,2550.0,20,35.21482
1276,-0.153,-38.607,0.051,-29.461,1.6150000000000002,-47.923,18.52812834584217,5.522399040137245,20.709463285949163,2552.0,20,35.21482
1277,0.017,-39.440000000000005,-0.5950000000000001,-28.985000000000003,3.689,-46.393,17.927384639149125,5.757281187406837,24.11404003667021,2554.0,20,35.21482
1278,-0.119,-36.771,-0.493,-29.495,-2.8390000000000004,-44.285,14.974906210056876,4.523704549841556,18.261464736138347,2556.0,20,35.21482
1279,-0.255,-39.219,-0.799,-27.285000000000004,-2.2950000000000004,-46.767,19.539353622881187,4.698860711182174,20.987372280176466,2558.0,20,35.21482
1280,-0.153,-41.123000000000005,-0.6970000000000001,-29.427000000000003,0.255,-48.093,18.69026110036989,5.08683955837729,20.392256107895548,2560.0,20,35.21482
1281,0.493,-40.273,0.6970000000000001,-29.121,-0.561,-48.331,19.251147082706527,5.195013854271978,22.124229876896827,2562.0,20,35.21482
1282,-0.255,-39.321000000000005,-0.5950000000000001,-30.379,-0.527,-47.311,16.93213654563416,5.152717125646204,19.32144450612569,2564.0,20,35.21482
1283,0.5950000000000001,-39.083000000000006,0.765,-31.569000000000003,1.649,-48.297,16.75134143882215,5.237671662354064,24.525555483498422,2566.0,20,35.21482
1284,0.629,-38.709,0.799,-31.229000000000003,-0.6970000000000001,-48.331,17.16730671945952,5.450867245088367,25.34338463107799,2568.0,20,35.21482
1285,0.323,-38.641000000000005,,,,,17.16730671945952,5.350164371975179,,2570.0,20,35.21482
1286,0.289,-38.947,0.8330000000000001,-33.507000000000005,-2.5330000000000004,-46.937000000000005,13.845391146515148,5.467136431068797,26.45452488712607,2572.0,20,35.21482
1287,0.289,-40.545,-0.085,-31.297,-3.587,-44.659000000000006,13.813292438806906,5.512580580620088,23.44800504848624,2574.0,20,35.21482
1288,0.323,-41.021,-0.799,-31.365,-3.281,-45.917,14.762148488617775,5.208955987135461,22.967414173640456,2576.0,20,35.21482
1289,0.085,-41.905,-0.663,-31.671000000000003,-0.765,-47.481,15.810329028834284,5.145815035590193,22.5799221621203,2578.0,20,35.21482
1290,0.051,-41.021,-0.765,-31.263,-0.6970000000000001,-48.331,17.06813545762981,5.355756072418138,23.484541325929666,2580.0,20,35.21482
1291,-0.221,-39.151,-0.629,-29.699,-2.1590000000000003,-41.531000000000006,11.93051231087752,5.743607390419055,14.531633258002516,2582.0,20,35.21482
1292,-0.051,-40.545,-0.765,-30.617,2.2950000000000004,-47.515,17.17282748996216,5.680297047647585,23.741483536708564,2584.0,20,35.21482
1293,-0.255,-41.157,0.8330000000000001,-33.065000000000005,1.989,-47.957,14.936800192812385,5.312277198807067,21.74017214285898,2586.0,20,35.21482
1294,-0.051,-41.004000000000005,-0.663,-33.099000000000004,0.765,-48.43300000000001,15.400348697350982,5.331599491617569,21.03002686358229,2588.0,20,35.21482
1295,-0.153,-41.055,-0.663,-35.445,1.6150000000000002,-48.229000000000006,12.985374080094884,5.297819031033651,22.624608830818627,2590.0,20,35.21482
1296,-0.051,-41.055,-0.493,-36.091,2.601,-47.345000000000006,11.67156167785614,5.4947374181978725,24.23006288834733,2592.0,20,35.21482
1297,0.119,-41.956,0.765,-33.473,1.275,-48.331,14.866750283770829,4.990587764886632,22.90887782190814,2594.0,20,35.21482
1298,-0.119,-41.667,-0.017,-33.643,2.261,-47.379000000000005,13.923612318647772,4.88933598966555,21.45402100477562,2596.0,20,35.21482
1299,-0.085,-41.361,0.8330000000000001,-35.921,3.0090000000000003,-46.86900000000001,11.162153914007815,5.003362853191148,22.67330376903978,2598.0,20,35.21482
1300,-0.017,-41.429,-0.187,-40.851000000000006,3.587,-46.325,6.64889103535319,5.098799327328415,13.272260320839228,2600.0,20,35.21482
1301,0.255,-41.871,0.051,-33.337,1.955,-47.855,14.642320171338968,4.584224779272713,20.979945187513028,2602.0,20,35.21482
1302,0.289,-41.871,0.527,-35.683,0.561,-48.399,12.716045454464217,4.458202395732677,16.92784141986752,2604.0,20,35.21482
1303,0.663,-41.531000000000006,0.425,-34.935,0.255,-48.467000000000006,13.53306779706656,4.646809290481584,18.120205080013825,2606.0,20,35.21482
1304,-0.051,-39.151,0.527,-32.725,0.765,-48.195,15.47183066091405,5.183796820826104,17.85359568355495,2608.0,20,35.21482
1305,-0.119,-38.607,0.5950000000000001,-30.787000000000003,0.969,-48.025000000000006,17.24205672186471,5.57464636859449,18.586971602287623,2610.0,20,35.21482
1306,0.017,-38.981,0.187,-29.325000000000003,-1.173,-47.583000000000006,18.30858170367109,5.562665304473409,21.395848313172237,2612.0,20,35.21482
1307,0.221,-39.117,0.221,-28.849000000000004,-1.275,-47.923,19.13257672139328,5.985382560146373,22.721920245539277,2614.0,20,35.21482
1308,-0.085,-39.185,,,,,19.13257672139328,5.526839132672971,,2616.0,20,35.21482
1309,0.051,-37.859,0.799,-31.093000000000004,0.527,-46.767,15.676359909111554,5.340717484132948,20.965616762663537,2618.0,20,35.21482
1310,-0.323,-39.253,0.5950000000000001,-30.583,-0.765,-48.059000000000005,17.528838409889,5.594190266283053,22.117274762643014,2620.0,20,35.21482
1311,-0.289,-39.933,0.561,-30.957,-1.921,-47.617,16.84386903297458,5.449125155994421,23.564707487642107,2622.0,20,35.21482
1312,-0.561,-41.633,0.5950000000000001,-31.025,1.479,-48.025000000000006,17.02296848378684,5.552936667481992,23.619804529606625,2624.0,20,35.21482
1313,-0.425,-41.871,0.051,-32.249,1.139,-48.093,15.881312288346956,6.046423865054844,27.09205044993575,2626.0,20,35.21482
1314,-0.459,-42.075,0.5950000000000001,-30.141,0.5950000000000001,-48.127,17.986,5.843427551292989,23.54376334943256,2628.0,20,35.21482
1315,-0.527,-41.701,0.629,-31.977000000000004,1.853,-47.719,15.789513608721457,5.84462985184528,25.55339582290984,2630.0,20,35.21482
1316,-0.119,-42.347,-0.051,-30.515,0.663,-48.399,17.8982471767489,5.295179901196986,25.27348507137928,2632.0,20,35.21482
1317,0.357,-42.585,-0.459,-29.291,-0.8670000000000001,-48.229000000000006,18.94239446321399,6.096071768297827,26.1444727584992,2634.0,20,35.21482
1318,0.425,-41.922,-0.663,-28.713,0.969,-40.783,12.17983267536956,6.187096492379992,12.591081465266816,2636.0,20,35.21482
1319,0.255,-40.987,0.629,-31.433000000000003,-0.459,-47.583000000000006,16.18660693289363,6.046252381495172,23.675575181360557,2638.0,20,35.21482
1320,0.391,-40.137,0.663,-34.561,3.621,-43.537000000000006,9.450838058077178,3.854843093146654,18.293309755337305,2640.0,20,35.21482
1321,0.187,-40.885000000000005,0.663,-35.139,3.2470000000000003,-46.903000000000006,12.044449011889254,4.112442927999363,18.472562880525864,2642.0,20,35.21482
1322,0.425,-40.273,3.4850000000000003,-42.721,2.1590000000000003,-42.789,1.3277424449041313,3.7505028915680887,2.9269632994026327,2644.0,20,35.21482
1323,-0.153,-40.511,3.995,-44.047,2.363,-44.149,1.6351843932719028,3.3868800627887907,2.00835653942552,2646.0,20,35.21482
1324,0.357,-41.939,2.091,-47.957,3.655,-44.081,4.179649746091172,4.081411067439491,15.533365963965943,2648.0,20,35.21482
1325,0.5950000000000001,-42.041,1.921,-48.025000000000006,3.791,-43.469,4.9248386775609205,4.071664573329383,6.043559345798149,2650.0,20,35.21482
1326,0.561,-40.851000000000006,1.275,-48.093,3.3830000000000005,-44.115,4.502015992863642,4.369931734372537,14.028296542990986,2652.0,20,35.21482
1327,0.323,-40.035,3.0090000000000003,-47.243,2.9410000000000003,-43.231,4.012576229805485,4.541134563073736,21.38135829429394,2654.0,20,35.21482
1328,-0.153,-40.137,1.955,-47.243,3.5530000000000004,-43.435,4.1297055585114055,4.581729691143319,15.850691818747652,2656.0,20,35.21482
1329,-0.323,-40.137,2.1590000000000003,-48.025000000000006,3.043,-44.047,4.075038650123457,4.923527428115307,17.60157905511036,2658.0,20,35.21482
1330,-0.153,-41.123000000000005,1.785,-48.195,1.717,-45.339000000000006,2.856809409113601,4.974098654363686,20.593055516610036,2660.0,20,35.21482
1331,-0.017,-40.987,2.9410000000000003,-47.243,0.017,-45.441,3.43467320133954,4.893135629137437,5.2198148119380425,2662.0,20,35.21482
1332,0.289,-40.443000000000005,-0.153,-47.447,-0.901,-46.121,1.5224256960521916,4.648628249868787,3.1676984004306354,2664.0,20,35.21482
1333,0.255,-41.259,2.125,-47.515,0.323,-45.475,2.7219118281090595,4.937847772926871,19.53109629971049,2666.0,20,35.21482
1334,0.629,-41.463,-0.425,-46.903000000000006,0.017,-45.169,1.7894468419039444,4.94187378247087,7.102727069729336,2668.0,20,35.21482
1335,0.425,-42.007000000000005,-1.989,-47.685,0.901,-43.911,4.753438334511136,4.651930856460448,9.8575999055407,2670.0,20,35.21482
1336,0.5950000000000001,-41.803,-2.601,-47.039,1.275,-44.42100000000001,4.677317607347185,4.52862427662001,12.253953242118524,2672.0,20,35.21482
1337,0.493,-41.531000000000006,-0.935,-48.195,-1.3090000000000002,-41.939,6.267169376999476,4.652300721938327,12.19310827158188,2674.0,20,35.21482
1338,0.255,-41.293000000000006,-0.153,-48.467000000000006,-0.799,-42.551,5.951165600115662,4.977571403532526,11.678184117860727,2676.0,20,35.21482
1339,-0.221,-41.055,,,,,5.951165600115662,5.176616292790087,,2678.0,20,35.21482
1340,0.221,-41.446000000000005,3.519,-46.563,0.799,-39.831,7.26073164357422,5.6908021911610085,16.3116840307217,2680.0,20,35.21482
1341,0.425,-40.953,2.397,-47.685,0.085,-37.859,10.094336035619184,5.276016628452864,15.83175527210328,2682.0,20,35.21482
1342,-0.187,-40.817,3.4170000000000003,-46.971,-0.7310000000000001,-32.453,15.098947910367796,5.051339527143761,21.96859007986617,2684.0,20,35.21482
1343,0.323,-41.531000000000006,,,,,15.098947910367796,4.971501041086339,,2686.0,20,35.21482
1344,0.187,-40.919,,,,,15.098947910367796,4.6260298027945215,,2688.0,20,35.21482
1345,-0.391,-41.089000000000006,0.527,-45.951,-0.391,-35.411,10.579901889904274,3.035621235466714,14.319182711277165,2690.0,20,35.21482
1346,-0.153,-39.593,-1.887,-41.395,-2.431,-41.973000000000006,0.7937379920351552,2.1666822292292203,1.026061344222923,2692.0,20,35.21482
1347,0.255,-41.463,-0.221,-37.553,-2.431,-46.461000000000006,9.17804794060262,3.031220901913443,11.157164652953,2694.0,20,35.21482
1348,0.629,-40.987,-0.5950000000000001,-36.737,1.003,-48.059000000000005,11.434215670521525,3.5276694938640043,13.419131430622771,2696.0,20,35.21482
1349,0.357,-41.021,-0.5950000000000001,-35.377,0.085,-48.365,13.005788864963172,4.033124144475919,15.378704911257444,2698.0,20,35.21482
1350,0.051,-38.267,0.7310000000000001,-37.213,0.085,-48.161,10.967042445436237,4.62831780052952,14.442732426349178,2700.0,20,35.21482
1351,-0.017,-39.253,-0.6970000000000001,-32.861000000000004,-1.921,-45.305,12.504051823309116,3.8280272233127737,14.32193042090498,2702.0,20,35.21482
1352,0.493,-39.219,-2.907,-45.815000000000005,2.023,-43.673,5.375226878932646,4.244820829737469,8.391573825227196,2704.0,20,35.21482
1353,0.561,-39.933,-3.281,-45.98500000000001,0.527,-36.329,10.379749515282148,4.545438614445217,15.100284425065423,2706.0,20,35.21482
1354,0.289,-40.681,-3.4170000000000003,-44.965,0.119,-38.403000000000006,7.454068687636304,4.500176554610813,15.294283299962562,2708.0,20,35.21482
1355,0.153,-40.443000000000005,-2.7030000000000003,-47.005,1.479,-42.823,5.914241117844284,4.4143796359975545,7.869769879623463,2710.0,20,35.21482
1356,0.119,-40.817,-1.241,-48.161,1.3430000000000002,-44.557,4.434621968105061,4.517065200949029,7.505962857444558,2712.0,20,35.21482
1357,-0.187,-40.613,-0.493,-48.365,1.3090000000000002,-42.959,5.69842434362342,4.589440807491679,12.211548874110845,2714.0,20,35.21482
1358,-0.493,-40.885000000000005,-1.241,-47.99100000000001,1.853,-43.877,5.147604491411515,4.72221830648521,20.58610502710377,2716.0,20,35.21482
1359,-0.289,-41.225,1.5470000000000002,-44.727,2.397,-47.923,3.307100845151233,5.00307990894644,22.84533009905151,2718.0,20,35.21482
1360,0.085,-41.599,1.683,-44.42100000000001,3.4850000000000003,-46.767,2.9581953958452445,5.313417025767542,21.01496816018881,2720.0,20,35.21482
1361,0.153,-41.429,0.5950000000000001,-44.727,0.799,-48.263000000000005,3.541879726924674,4.256902614190115,4.821105367101939,2722.0,20,35.21482
1362,-0.051,-41.871,0.255,-33.405,2.873,-47.515,14.350819628160618,4.466932253663482,21.19884256282349,2724.0,20,35.21482
1363,-0.119,-42.619,-0.051,-33.643,3.927000000000001,-45.373000000000005,12.386177134208925,4.88700474565102,24.05767744575851,2726.0,20,35.21482
1364,0.221,-42.585,-0.425,-33.881,3.927000000000001,-43.809000000000005,10.839976383738112,4.8811876252543165,26.606592713986352,2728.0,20,35.21482
1365,-0.017,-43.571000000000005,0.8330000000000001,-33.167,4.097,-44.217000000000006,11.521987502162986,4.469316001810332,24.47820867372372,2730.0,20,35.21482
1366,0.017,-42.585,0.493,-34.119,3.4850000000000003,-45.339000000000006,11.6120826728025,4.367567868805764,22.42895809540352,2732.0,20,35.21482
1367,0.119,-42.993,0.017,-33.847,3.791,-44.999,11.773282464971272,4.409908895408724,22.925660579421947,2734.0,20,35.21482
1368,-0.153,-43.231,0.8330000000000001,-34.391000000000005,4.029,-44.625,10.721435165125984,4.555814035928999,22.916395103951093,2736.0,20,35.21482
1369,0.187,-43.537000000000006,-0.017,-33.337,3.961,-45.441,12.74093010733518,4.381911436011807,26.36745959077389,2738.0,20,35.21482
1370,-0.221,-43.707,0.153,-33.371,3.349,-45.883,12.913735323290467,4.43010996653117,25.521762426092263,2740.0,20,35.21482
1371,-0.391,-43.741,-0.051,-34.085,3.3150000000000004,-45.339000000000006,11.746594059556156,4.169473400352698,24.74792076816091,2742.0,20,35.21482
1372,-0.255,-44.319,-0.493,-35.173,3.927000000000001,-45.067,10.836403277840857,4.096550072124552,22.72020751157362,2744.0,20,35.21482
1373,-0.153,-43.911,-0.663,-38.573,0.765,-41.599,3.346021518161532,4.046250433414194,24.831256670065667,2746.0,20,35.21482
1374,0.357,-43.469,-0.663,-39.049,3.4850000000000003,-46.86900000000001,8.852022593735287,3.850617940333897,29.61459689123049,2748.0,20,35.21482
1375,0.357,-43.911,-0.663,-38.879000000000005,2.601,-47.583000000000006,9.295876074905474,3.8118964434106393,28.85352691467518,2750.0,20,35.21482
1376,-0.119,-43.639,-0.255,-38.403000000000006,0.799,-47.719,9.375434496598013,3.4209683200092087,23.395398428907303,2752.0,20,35.21482
1377,-0.5950000000000001,-44.727,-0.663,-37.927,1.411,-46.835,9.146252784610756,3.3457209382755297,16.39594374125049,2754.0,20,35.21482
1378,-0.391,-43.843,-1.5470000000000002,-41.973000000000006,2.499,-47.821000000000005,7.111203836201013,3.393670130653572,13.617803243787298,2756.0,20,35.21482
1379,-0.119,-44.727,0.663,-38.777,3.927000000000001,-45.747,7.6964014968035555,3.2340716186618206,17.230308246212342,2758.0,20,35.21482
1380,0.085,-44.761,0.765,-38.539,4.029,-44.795,7.056290243463629,3.363221515586879,18.11729974621532,2760.0,20,35.21482
1381,-0.459,-45.067,-1.717,-42.993,3.655,-46.42700000000001,6.375793283976513,3.285681077946337,19.54753349905173,2762.0,20,35.21482
1382,-0.5950000000000001,-45.305,-2.2270000000000003,-42.993,3.587,-46.189,6.634531784534612,3.3785474952031618,19.19407737121162,2764.0,20,35.21482
1383,-0.289,-45.101000000000006,0.8670000000000001,-38.573,3.995,-43.911,6.18697244215618,3.422938532964352,17.837192659009258,2766.0,20,35.21482
1384,0.017,-44.659000000000006,-2.193,-44.353,3.961,-44.115,6.158600490371168,3.401620894211772,22.53275518536009,2768.0,20,35.21482
1385,-0.221,-44.86300000000001,-1.989,-44.013000000000005,4.063000000000001,-44.149,6.053527897020052,3.499250016799956,24.904743705891665,2770.0,20,35.21482
1386,-0.493,-44.523,0.8670000000000001,-37.859,1.717,-47.413,9.591736860443994,3.1477106508057298,19.438306708618786,2772.0,20,35.21482
1387,-0.901,-44.693000000000005,0.7310000000000001,-47.99100000000001,1.037,-48.059000000000005,0.3134645115479582,2.94627636375699,0.4975375639230311,2774.0,20,35.21482
1388,-0.153,-43.435,-2.873,-44.489,-1.649,-46.801,2.6160122323873027,2.5262060528256387,10.2156274282388,2776.0,20,35.21482
1389,-1.241,-44.081,-3.4850000000000003,-45.237,-3.3150000000000004,-45.475,0.2924790590794493,2.3423569875373857,15.928666995583676,2778.0,20,35.21482
1390,-0.459,-43.639,-3.145,-44.829,-0.289,-48.229000000000006,4.440353139109547,2.7082345504252325,15.522988279288016,2780.0,20,35.21482
1391,-0.187,-45.441,-2.431,-43.469,3.281,-46.665000000000006,6.5453311604532285,2.613013230424823,11.187508998319824,2782.0,20,35.21482
1392,-0.901,-44.353,-2.9410000000000003,-45.815000000000005,3.621,-44.761,6.646108635886116,2.221450671157488,8.684540261038393,2784.0,20,35.21482
1393,-0.6970000000000001,-43.503,0.323,-43.401,2.1590000000000003,-45.067,2.479203904482244,1.9004339221072533,6.447529886186104,2786.0,20,35.21482
1394,-0.459,-43.367,0.629,-46.42700000000001,0.799,-48.501000000000005,2.0809555497415126,2.1768638721268987,9.271093985845344,2788.0,20,35.21482
1395,0.527,-43.197,-2.261,-42.109,1.6150000000000002,-43.095000000000006,3.999446461699419,1.911058704689616,8.092717044065942,2790.0,20,35.21482
1396,1.785,-42.993,-1.241,-43.29900000000001,3.0770000000000004,-45.203,4.719146109202384,2.345927706811303,8.368804582309508,2792.0,20,35.21482
1397,-0.051,-44.353,-3.213,-45.883,2.4650000000000003,-46.971,5.7812998538391005,2.43564288351256,11.435988184035471,2794.0,20,35.21482
1398,-0.459,-44.047,1.5470000000000002,-44.931,4.063000000000001,-45.067,2.5196729946562515,2.4482400877011687,3.765066044804696,2796.0,20,35.21482
1399,-0.765,-43.503,0.5950000000000001,-39.865,3.791,-45.441,6.42698934183028,2.513134346879261,11.636771489894585,2798.0,20,35.21482
1400,-0.527,-44.387,0.935,-40.545,2.499,-45.067,4.784828105585404,2.57984249158457,13.015676442527884,2800.0,20,35.21482
1401,-0.6970000000000001,-45.577000000000005,1.513,-41.701,3.927000000000001,-43.639,3.0956808621044902,2.8092438309333643,15.528498804726354,2802.0,20,35.21482
1402,-0.629,-45.475,1.479,-42.313,3.723,-43.095000000000006,2.376354350680891,2.770432758833521,15.378377353267975,2804.0,20,35.21482
1403,-0.391,-44.285,3.145,-42.313,4.063000000000001,-44.931,2.7742833308802477,2.77647709248808,22.716143023629545,2806.0,20,35.21482
1404,-0.8330000000000001,-43.537000000000006,3.5530000000000004,-45.577000000000005,3.0770000000000004,-45.407,0.5054463374088293,2.779981224130338,0.6498386026825863,2808.0,20,35.21482
1405,0.255,-43.673,2.431,-47.107000000000006,3.3830000000000005,-46.019000000000005,1.4456998305319124,2.8843363686213737,1.9557378181281813,2810.0,20,35.21482
1406,1.0710000000000002,-43.503,2.1590000000000003,-47.753,2.363,-44.455000000000005,3.3043032548481386,2.855672079142848,4.504874686814205,2812.0,20,35.21482
1407,1.479,-43.571000000000005,1.479,-48.127,2.9410000000000003,-46.393,2.268082890901477,3.00048938144643,3.964139031809307,2814.0,20,35.21482
1408,1.105,-43.605,-0.935,-48.297,3.0770000000000004,-45.849,4.6998774452106735,3.212830167043816,6.168192643525257,2816.0,20,35.21482
1409,0.017,-43.333000000000006,-0.7310000000000001,-48.399,2.737,-46.495000000000005,3.956291192518569,2.8418915571473584,8.548798060368604,2818.0,20,35.21482
1410,0.425,-43.537000000000006,-2.057,-46.937000000000005,2.805,-46.42700000000001,4.888675076132592,2.790340566728357,5.988124322867675,2820.0,20,35.21482
1411,-0.459,-43.945,1.0710000000000002,-40.749,3.587,-45.679,5.534903431858591,2.732705020653392,15.58817809661874,2822.0,20,35.21482
1412,-0.663,-43.809000000000005,0.969,-40.613,0.8330000000000001,-48.025000000000006,7.413247601422739,2.3878622050485694,11.193696567401943,2824.0,20,35.21482
1413,-0.561,-43.231,0.629,-40.885000000000005,1.5470000000000002,-47.957,7.131332834751159,2.629172255900357,11.809130023491642,2826.0,20,35.21482
1414,0.187,-43.163,2.023,-44.659000000000006,1.0710000000000002,-48.263000000000005,3.727615860037083,2.599393227335267,,2828.0,20,35.21482
1415,0.221,-43.29900000000001,0.255,-40.307,0.357,-47.379000000000005,7.072735538672432,2.438011975149381,12.43724805110547,2830.0,20,35.21482
1416,0.5950000000000001,-42.891000000000005,-2.2270000000000003,-41.837,-1.3430000000000002,-48.059000000000005,6.284484067924749,2.8094981159350203,11.860250544755512,2832.0,20,35.21482
1417,1.479,-44.353,-2.4650000000000003,-41.939,-2.329,-47.141000000000005,5.203777474104749,3.3792902933597158,17.432019838892835,2834.0,20,35.21482
1418,0.357,-45.067,-2.907,-42.619,-3.043,-46.087,3.470665642207558,3.187190346203586,20.645894515769022,2836.0,20,35.21482
1419,1.377,-44.251000000000005,-3.043,-42.721,-0.935,-48.161,5.834146381434049,3.030718425932261,14.008583102910697,2838.0,20,35.21482
1420,0.357,-43.571000000000005,0.561,-39.287000000000006,-0.8330000000000001,-48.297,9.117200008774624,2.6808980604398145,13.240333758956766,2840.0,20,35.21482
1421,-0.8670000000000001,-43.843,1.411,-42.415000000000006,2.7710000000000004,-42.381,1.3604249336144938,2.2972875270907864,16.129048257718267,2842.0,20,35.21482
1422,0.119,-43.027,-1.241,-46.971,2.7030000000000003,-42.993,5.601751511804143,1.96631607669828,7.675656548962089,2844.0,20,35.21482
1423,0.6970000000000001,-42.653000000000006,-1.479,-44.761,2.091,-47.277,4.367511419561488,2.391276052924531,11.125859520174352,2846.0,20,35.21482
1424,1.003,-43.095000000000006,-0.969,-44.591,0.493,-48.127,3.826321993768951,2.613959056335817,12.874381296376209,2848.0,20,35.21482
1425,0.051,-43.231,2.4650000000000003,-44.727,0.969,-47.583000000000006,3.224089328787278,2.51941774279532,5.537122311744165,2850.0,20,35.21482
1426,-0.357,-43.265,1.819,-41.599,-2.635,-46.189,6.395796744737907,2.512106028344664,8.777809399440846,2852.0,20,35.21482
1427,-0.459,-43.367,3.587,-44.829,-2.567,-46.86900000000001,6.483310574081733,2.5241877735107505,17.951653507751743,2854.0,20,35.21482
1428,-0.561,-44.489,1.207,-48.297,2.907,-43.911,4.703934098177823,3.1277321906194304,17.014418056256577,2856.0,20,35.21482
1429,-0.8330000000000001,-44.795,0.969,-48.365,3.587,-45.849,3.631002616358187,3.1137400557581985,18.293127018481403,2858.0,20,35.21482
1430,-0.527,-44.931,2.601,-44.761,3.893,-45.747,1.6252569027695285,3.1456002084416763,20.423287085532635,2860.0,20,35.21482
1431,0.289,-44.829,-2.397,-46.155,1.6150000000000002,-47.99100000000001,4.412146869722267,3.127565254692578,,2862.0,20,35.21482
1432,0.425,-43.741,-1.6150000000000002,-47.209,-0.935,-47.889,0.9616652224137048,2.86149523590183,15.489133062582368,2864.0,20,35.21482
1433,1.037,-43.469,-2.193,-46.291,-2.125,-46.42700000000001,0.1520526224699857,2.883745976639197,17.380274621805707,2866.0,20,35.21482
1434,1.241,-43.333000000000006,0.391,-41.565000000000005,2.125,-48.127,6.787238024410224,2.6746938520754617,10.057061450665868,2868.0,20,35.21482
1435,1.241,-43.537000000000006,,,,,6.787238024410224,2.807467673693356,,2870.0,20,35.21482
1436,0.663,-43.469,0.221,-43.571000000000005,0.799,-48.127,4.5925178279458,2.3845955708484547,11.74210410301962,2872.0,20,35.21482
1437,0.255,-43.843,-2.635,-44.047,3.111,-46.121,6.1088453900880495,2.556375547691633,15.857150611657326,2874.0,20,35.21482
1438,-0.255,-45.169,-2.397,-45.101000000000006,3.3830000000000005,-46.903000000000006,6.054387169648139,2.76662045817016,7.72828629237699,2876.0,20,35.21482
1439,-0.527,-45.135000000000005,,,,,6.054387169648139,2.3304724404449364,,2878.0,20,35.21482
1440,-0.629,-44.86300000000001,-0.323,-44.319,3.927000000000001,-45.951,4.552573338234104,2.4803504160224072,14.781214912288643,2880.0,20,35.21482
1441,-0.5950000000000001,-45.067,0.323,-43.401,3.723,-45.98500000000001,4.270486623325263,2.3246305264785887,6.300491440882228,2882.0,20,35.21482
1442,-1.275,-44.455000000000005,3.961,-44.659000000000006,-1.785,-47.685,6.4940890046256685,2.278975733133679,8.985225684527155,2884.0,20,35.21482
1443,-0.527,-45.543000000000006,3.995,-43.673,0.765,-43.469,3.236435693784136,2.6534924904901285,14.038019142782542,2886.0,20,35.21482
1444,-0.051,-44.693000000000005,3.825,-43.29900000000001,0.663,-43.469,3.166566594910014,2.400238026297304,3.9719227539190554,2888.0,20,35.21482
1445,0.187,-44.591,3.995,-44.047,0.799,-47.175,4.4720017889084085,2.3725758761295226,5.824679174959277,2890.0,20,35.21482
1446,-0.187,-44.353,4.029,-45.475,0.357,-43.163,4.339231268323919,2.4325376767600786,5.8381554950888015,2892.0,20,35.21482
1447,-0.765,-43.639,3.689,-45.543000000000006,-2.8390000000000004,-44.285,6.648108603204373,2.4981262136277307,8.868018571236027,2894.0,20,35.21482
1448,-1.275,-43.775000000000006,-0.255,-41.225,3.587,-46.699000000000005,6.687723080391413,2.829005217544988,11.491266921846696,2896.0,20,35.21482
1449,-0.935,-44.217000000000006,1.649,-43.129000000000005,-1.411,-47.957,5.716046185957563,2.0973977510533595,8.681064414806347,2898.0,20,35.21482
1450,-0.119,-43.945,-0.969,-43.945,-0.935,-47.787000000000006,3.8421504395325288,2.5607558017530585,9.531792022222762,2900.0,20,35.21482
1451,-0.391,-44.319,-2.601,-45.339000000000006,-2.397,-46.087,0.7753192890674139,2.7841276218826225,2.3623034586955143,2902.0,20,35.21482
1452,0.561,-42.653000000000006,0.527,-37.111,-1.003,-40.953,4.135440000773799,3.035779814062922,20.74571765519644,2904.0,20,35.21482
1453,0.323,-42.109,0.765,-33.269000000000005,0.425,-47.447,14.182076152665378,4.02375372848657,16.61049024011364,2906.0,20,35.21482
1454,0.425,-41.208000000000006,,,,,14.182076152665378,4.1873823127259096,,2908.0,20,35.21482
1455,0.289,-41.055,0.901,-33.473,3.825,-43.401,10.349635742382436,4.254334304029873,13.50077232497264,2910.0,20,35.21482
1456,0.289,-41.055,0.8670000000000001,-34.391000000000005,1.3430000000000002,-40.953,6.579241597631144,4.271401328095338,9.63218590061212,2912.0,20,35.21482
1457,0.493,-41.395,-0.629,-32.147000000000006,1.3090000000000002,-41.599,9.648634514790162,4.347664307015609,10.648329759329735,2914.0,20,35.21482
1458,0.119,-40.579,-0.7310000000000001,-31.229000000000003,0.935,-40.749,9.664675680021553,5.213641610700489,11.14984008954974,2916.0,20,35.21482
1459,0.085,-39.355,-0.663,-29.223000000000003,0.8670000000000001,-40.647000000000006,11.526000000000002,5.644422000252185,12.575349679394536,2918.0,20,35.21482
1460,-0.051,-38.471,-0.8330000000000001,-27.081000000000003,1.989,-43.503,16.6627059027038,6.24487865243507,18.16105791036416,2920.0,20,35.21482
1461,-0.085,-37.791,-0.663,-27.047,1.717,-42.755,15.887279943401264,5.982993169661755,17.11315080609994,2922.0,20,35.21482
1462,-0.017,-37.281000000000006,-0.901,-23.715000000000003,3.2470000000000003,-42.959,19.68597063901092,7.224544254024263,21.755727302690147,2924.0,20,35.21482
1463,0.051,-33.541000000000004,-0.935,-21.403,3.281,-45.033,24.00315720900065,7.5903764144463315,25.41735408980347,2926.0,20,35.21482
1464,-0.323,-32.623000000000005,0.527,-19.091,3.587,-42.687000000000005,23.79358770761568,7.724570820883031,27.509059302973604,2928.0,20,35.21482
1465,-0.119,-29.767000000000003,0.425,-18.343,2.635,-41.837,23.597714635108208,7.689322416012435,27.784111627901467,2930.0,20,35.21482
1466,-0.187,-29.971000000000004,-0.119,-17.255000000000003,1.819,-41.123000000000005,23.946550231713964,7.751393197489981,31.00522723545892,2932.0,20,35.21482
1467,-0.051,-29.886000000000003,0.561,-15.419,-0.017,-42.687000000000005,27.274125247200875,8.554077767311357,28.320028629327023,2934.0,20,35.21482
1468,-0.051,-27.676,0.493,-13.039,0.187,-42.891000000000005,29.853568295934075,9.601182056872858,31.32806989276431,2936.0,20,35.21482
1469,-0.017,-26.673,0.5950000000000001,-12.393,0.323,-39.389,26.99737024230323,8.753620515494433,28.99417252089648,2938.0,20,35.21482
1470,-0.051,-24.837000000000003,0.425,-9.911,0.221,-40.477,30.56668074881537,10.484913903806955,32.55388604421946,2940.0,20,35.21482
1471,0.153,-22.457,0.527,-10.217,-0.561,-42.007000000000005,31.80861273303192,9.308989239574208,33.54385398952668,2942.0,20,35.21482
1472,0.323,-20.145000000000003,0.459,-8.041,0.969,-40.647000000000006,32.6099882857998,9.60150645672615,34.05884290618793,2944.0,20,35.21482
1473,0.119,-17.459,0.459,-6.477,0.085,-38.641000000000005,32.1661743451098,9.241338974703655,33.15678035133456,2946.0,20,35.21482
1474,0.153,-17.561,0.527,-6.987,0.629,-38.097,31.110167212665385,9.248541544134827,33.14676067362716,2948.0,20,35.21482
1475,0.187,-16.881,0.289,-4.845000000000001,0.289,-37.247,32.402,8.962142278601751,33.22306587748417,2950.0,20,35.21482
1476,-0.051,-18.275,0.459,-7.973000000000001,-0.153,-34.697,26.7310067150491,8.342479303640085,27.86424372712684,2952.0,20,35.21482
1477,0.187,-19.329,-0.187,-8.721,0.085,-33.983000000000004,25.263464291343738,7.045968936276231,28.70072766062721,2954.0,20,35.21482
1478,-0.187,-17.187,0.119,-4.539000000000001,-0.527,-31.263,26.731806747767724,8.373626082153312,29.064445742841656,2956.0,20,35.21482
1479,0.051,-15.113,-0.935,-4.301,-0.085,-33.677,29.38829488078545,8.4933426054692,30.746004260126806,2958.0,20,35.21482
1480,0.051,-14.161,-1.003,-3.043,0.799,-34.493,31.501582563420527,9.031713245874633,32.90875859543037,2960.0,20,35.21482
1481,0.187,-13.787,0.187,-6.341,0.459,-30.855000000000004,24.51550896881401,7.1064941974965325,,2962.0,20,35.21482
1482,-0.289,-15.997000000000002,-0.969,-7.531000000000001,-0.221,-29.257,21.73887255586177,6.066355989753359,25.15937325871633,2964.0,20,35.21482
1483,0.085,-14.025,-0.799,-3.859,0.425,-19.261000000000003,15.450559213180604,8.712791262543258,16.12515829117819,2966.0,20,35.21482
1484,-0.119,-11.713,-1.0710000000000002,-0.969,0.629,-28.407000000000004,27.490613743603472,8.719167792437664,28.406611195107747,2968.0,20,35.21482
1485,-0.221,-11.883,-0.255,-1.683,0.7310000000000001,-32.589000000000006,30.92172427275038,9.153936185679395,32.838144615222305,2970.0,20,35.21482
1486,-0.255,-10.727,-0.935,0.255,0.765,-31.229000000000003,31.52986292390121,9.055905615831389,33.00185708182721,2972.0,20,35.21482
1487,-0.221,-10.625,-1.0710000000000002,1.5810000000000002,0.5950000000000001,-31.331000000000003,32.95413934546008,9.358606351120162,33.84404184134932,2974.0,20,35.21482
1488,-0.255,-9.095,-1.105,2.431,0.493,-30.209000000000003,32.67909429589505,9.166058864462226,33.62778037209266,2976.0,20,35.21482
1489,-0.289,-7.973000000000001,-1.037,4.029,0.561,-28.781,32.84889197522498,8.983939134896396,33.81096669768353,2978.0,20,35.21482
1490,-0.221,-4.675000000000001,-0.8670000000000001,6.375000000000001,0.255,-25.415000000000003,31.809793837747524,8.663008386963375,32.81922950981503,2980.0,20,35.21482
1491,-0.119,-5.049,-1.139,7.293,0.493,-25.517000000000003,32.85056352636892,9.558431401702869,34.40615958992264,2982.0,20,35.21482
1492,-0.119,-4.369000000000001,-1.173,8.993,0.663,-24.973000000000003,34.01558542785939,9.462530449812308,35.27982488684494,2984.0,20,35.21482
1493,-0.221,-1.887,-1.139,9.537,-0.051,-23.205,32.76007185584305,9.208056806335694,33.65574603720919,2986.0,20,35.21482
1494,-0.289,0.7310000000000001,-1.173,11.713,0.085,-18.921000000000003,30.65981930801289,8.637888803741884,31.34380197475237,2988.0,20,35.21482
1495,-0.459,1.887,-0.323,12.223,0.051,-17.935000000000002,30.16031896383061,9.425157837799569,30.811915332662306,2990.0,20,35.21482
1496,-0.391,1.989,-1.105,13.855,0.187,-18.955,32.83542848814372,9.71501783937422,34.34266712820997,2992.0,20,35.21482
1497,-0.289,2.193,-0.935,14.399,0.425,-18.751,33.17788570719961,9.678442432092012,34.311130377508974,2994.0,20,35.21482
1498,-0.187,3.689,-1.139,15.045000000000002,0.493,-17.391000000000002,32.47703065244728,9.573596573710487,33.47563148861538,2996.0,20,35.21482
1499,-0.221,5.4910000000000005,-1.207,17.425,-0.459,-15.827000000000002,33.26041202390614,9.513053639700196,34.19475254935925,2998.0,20,35.21482
1500,-0.255,5.899,-1.241,18.649,-0.255,-13.447,32.111141555541124,9.235487833684392,33.53352228519591,3000.0,20,35.21482
1501,-0.357,6.001,-1.0710000000000002,20.587,0.085,-10.183000000000002,30.79170726023486,9.749897701127008,32.00065828842699,3002.0,20,35.21482
1502,-0.459,7.429,-1.173,19.907,0.085,-13.277,33.207836725688715,9.258779438313232,34.16519818614054,3004.0,20,35.21482
1503,-0.493,9.792000000000002,-1.173,21.641,-0.051,-11.441,33.10102125312753,9.684594670435416,34.11022753212078,3006.0,20,35.21482
1504,-0.221,10.591,-1.0710000000000002,20.995,-0.051,-9.639,30.650976428166203,9.449025199717749,31.686440915549426,3008.0,20,35.21482
1505,-0.493,9.265,-0.357,20.247,-1.003,-8.143,28.397348749487165,8.517470259549812,29.62986283843736,3010.0,20,35.21482
1506,-0.255,8.653,0.187,20.689,-0.017,-9.775,30.464683028057262,8.656159482007938,32.315885505764534,3012.0,20,35.21482
1507,-0.357,11.509,0.323,21.301,0.085,-6.171,27.47303092125076,9.291368514952008,29.77139540948644,3014.0,20,35.21482
1508,-0.187,12.172,-0.629,23.681,-0.425,-6.885000000000001,30.56668074881537,9.096340422522688,31.89256981380887,3016.0,20,35.21482
1509,-0.323,11.373,-0.493,12.325,0.085,-8.619,20.95197413133188,9.732242830099162,21.58023112574896,3018.0,20,35.21482
1510,-0.017,12.767,0.255,25.789,0.153,-6.1370000000000005,31.926162938881337,9.773988525294644,32.776750898061785,3020.0,20,35.21482
1511,-0.323,16.881,-0.425,12.291,0.425,-4.437,16.749581606714838,9.645830073170762,17.233370189689218,3022.0,20,35.21482
1512,-0.323,17.493000000000002,0.255,29.325000000000003,-0.425,12.869000000000002,16.470043594356394,9.056670467182162,17.251151464498793,3024.0,20,35.21482
1513,-0.119,20.349,0.255,31.195000000000004,-0.357,12.869000000000002,18.336216076388283,9.449695798606882,18.83012130184412,3026.0,20,35.21482
1514,-0.153,21.165000000000003,-0.459,32.147000000000006,0.391,-0.255,32.413147085712,9.397508641872902,33.25266258550151,3028.0,20,35.21482
1515,-0.289,22.610000000000003,0.289,35.003,0.187,1.037,33.96615315280787,9.74772448217858,34.82496744715928,3030.0,20,35.21482
1516,-0.289,22.627,0.323,33.881,-0.561,2.499,31.394448235317025,8.724763413412404,32.80927638408473,3032.0,20,35.21482
1517,-0.153,24.837000000000003,0.323,36.771,0.085,4.845000000000001,31.92688710162643,8.983482132582433,33.23741257189328,3034.0,20,35.21482
1518,-0.391,26.231,-0.119,36.057,-0.493,12.801,23.259007115524085,8.996026152871178,24.24355279479094,3036.0,20,35.21482
1519,-0.6970000000000001,26.945,-1.241,38.029,-0.561,6.375000000000001,31.661303131741125,8.755273335892943,33.28325423652499,3038.0,20,35.21482
1520,-0.425,28.322000000000003,0.255,37.723000000000006,-0.221,12.801,24.926545288106013,8.67853789647635,25.916628995721847,3040.0,20,35.21482
1521,-0.5950000000000001,29.189000000000004,0.391,40.885000000000005,0.153,8.245000000000001,32.64086769679998,9.414150471150055,33.58686876323438,3042.0,20,35.21482
1522,-0.493,31.059,1.785,43.027,-0.391,12.903,30.202489168941028,8.20699889517097,31.537427758382258,3044.0,20,35.21482
1523,-0.391,30.923,0.969,41.123000000000005,-0.187,16.541,24.609166178479107,7.399310439645423,27.191562425374524,3046.0,20,35.21482
1524,-0.459,31.535000000000004,1.037,41.157,-0.323,19.261000000000003,21.938195367896604,6.443121735389077,24.563550648090796,3048.0,20,35.21482
1525,-0.493,31.467,2.2270000000000003,41.939,-0.289,18.581000000000003,23.493114310367623,6.548548437620336,27.185180844376823,3050.0,20,35.21482
1526,-0.391,33.099000000000004,0.459,42.959,-1.037,26.299000000000003,16.727032492346037,7.239761917945159,18.45508295774118,3052.0,20,35.21482
1527,-0.391,32.861000000000004,1.207,44.42100000000001,-1.241,26.299000000000003,18.286595855981503,7.018975388570684,19.16187002194467,3054.0,20,35.21482
1528,-0.357,32.623000000000005,-0.255,44.047,-1.0710000000000002,26.435,17.63089334095128,7.503552547438043,18.612933208261747,3056.0,20,35.21482
1529,-0.6970000000000001,32.997,-0.153,43.843,-0.357,27.999,15.845313250295812,7.434613630687544,17.43185392443092,3058.0,20,35.21482
1530,-0.119,35.785000000000004,2.805,45.611,-1.241,28.849000000000004,17.2433975770438,7.658602535648256,18.9885383163102,3060.0,20,35.21482
1531,-0.187,36.737,2.1590000000000003,46.461000000000006,-0.391,28.849000000000004,17.7956467710505,7.174493644069678,19.21543064156993,3062.0,20,35.21482
1532,-0.051,37.791,0.493,48.059000000000005,-0.7310000000000001,28.883000000000003,19.21502412176472,7.673530168046055,20.202647015959485,3064.0,20,35.21482
1533,-0.153,37.961000000000006,-0.323,48.195,-0.7310000000000001,29.359,18.840418254380666,8.423083567740436,20.03625995379835,3066.0,20,35.21482
1534,-0.629,37.621,-1.241,48.161,-0.119,26.163,22.02659501602552,7.9208337514329745,24.59148535560514,3068.0,20,35.21482
1535,-0.391,39.491,-1.513,47.685,-0.085,26.435,21.29792675355984,7.797015347594766,24.93318378106792,3070.0,20,35.21482
1536,-0.255,38.879000000000005,0.187,48.263000000000005,-0.765,26.299000000000003,21.98462189804501,7.852557882536884,26.139495559547942,3072.0,20,35.21482
1537,0.017,39.627,-0.663,48.297,-0.8330000000000001,26.401000000000003,21.89665992794335,7.258615219641739,25.710688332717037,3074.0,20,35.21482
1538,0.153,40.409000000000006,-2.4650000000000003,47.515,-0.663,26.333,21.258511895238577,7.751665328391159,28.231236595248955,3076.0,20,35.21482
1539,-0.323,40.970000000000006,-2.669,47.311,-1.139,26.333,21.033720165486656,7.4409391117297075,27.44210609932971,3078.0,20,35.21482
1540,-0.221,41.531000000000006,-2.7030000000000003,47.515,-0.085,27.863000000000003,19.82561545072435,6.499330666388392,25.986757420208026,3080.0,20,35.21482
1541,-0.323,40.783,-0.221,47.753,-1.0710000000000002,26.741000000000003,21.02918552868846,6.409389601885956,26.1290267585164,3082.0,20,35.21482
1542,-0.425,40.579,-1.173,47.447,-1.207,26.401000000000003,21.04602746363313,6.762997521799608,24.81753936162067,3084.0,20,35.21482
1543,-0.357,38.182,-1.037,47.515,0.323,26.537000000000003,21.02203805533612,6.27505346728718,25.351669196846835,3086.0,20,35.21482
1544,-0.5950000000000001,38.471,-2.1590000000000003,44.455000000000005,0.051,26.503000000000004,18.08752067034064,5.672771228888271,22.02098748371456,3088.0,20,35.21482
1545,-0.6970000000000001,38.539,-0.969,48.297,-0.7310000000000001,26.435,21.863295451509597,6.191865969586889,26.23699794301004,3090.0,20,35.21482
1546,-0.5950000000000001,38.165000000000006,-2.5330000000000004,46.835,-1.207,31.569000000000003,15.323479761464103,5.442999276860387,20.77587593609425,3092.0,20,35.21482
1547,-0.765,38.539,-1.003,47.889,-0.323,27.999,19.90162053703165,6.321128804147649,22.08868747320817,3094.0,20,35.21482
1548,-0.391,38.811,1.751,47.685,0.221,26.231,21.508487069061832,6.930158939833096,26.84596251218452,3096.0,20,35.21482
1549,-0.8670000000000001,40.001000000000005,2.193,47.345000000000006,-0.085,24.531,22.927448178984072,7.5051162321056255,30.50099666297655,3098.0,20,35.21482
1550,-0.765,40.375,2.125,47.345000000000006,-0.6970000000000001,26.197000000000003,21.33545378003477,7.653282478253861,28.20676770379685,3100.0,20,35.21482
1551,-0.8670000000000001,40.341,2.329,47.243,-0.289,26.503000000000004,20.904581411738437,7.134547407728573,29.80462496186277,3102.0,20,35.21482
1552,-0.8670000000000001,40.171,2.737,46.393,-0.8670000000000001,23.307,23.36562029991929,7.645772464648338,33.11479494954546,3104.0,20,35.21482
1553,-0.8670000000000001,41.021,2.431,46.801,-0.799,22.185,24.82700859950711,7.94627323297333,33.10103277216937,3106.0,20,35.21482
1554,-0.8330000000000001,41.225,1.377,47.923,0.017,26.129,21.83639246762157,7.185626157208053,28.99122900174367,3108.0,20,35.21482
1555,-0.901,40.103,1.751,47.073,0.153,26.299000000000003,20.835370887027665,7.594529158809819,26.612528901552093,3110.0,20,35.21482
1556,-0.663,40.851000000000006,1.6150000000000002,47.277,0.153,26.265,21.06280104829365,7.673656708636543,27.179785630509084,3112.0,20,35.21482
1557,-0.629,40.137,1.887,46.937000000000005,0.153,26.231,20.778479058872428,7.310788505618349,26.485300190255117,3114.0,20,35.21482
1558,-0.8330000000000001,41.293000000000006,1.887,47.107000000000006,0.051,26.231,20.95658063711731,8.024276713425726,27.542109717128547,3116.0,20,35.21482
1559,-0.6970000000000001,41.225,0.969,48.059000000000005,0.255,26.401000000000003,21.66976603473143,7.802469761902833,26.779351664511918,3118.0,20,35.21482
1560,-0.5950000000000001,39.865,1.411,46.903000000000006,0.289,28.917,18.020962238459965,5.828890038418853,21.730311430232604,3120.0,20,35.21482
1561,-0.493,40.341,2.7710000000000004,46.699000000000005,0.289,27.183000000000003,19.67319445336725,5.964106275253655,26.67267330801713,3122.0,20,35.21482
1562,-0.561,40.477,2.091,46.801,-0.051,26.809,20.10642255598942,6.176984543156945,27.860513933886786,3124.0,20,35.21482
1563,-0.5950000000000001,40.477,1.479,47.651,-0.187,26.469,21.247415842873693,6.785082327244055,29.606204006668,3126.0,20,35.21482
1564,-0.5950000000000001,40.885000000000005,-0.561,47.99100000000001,-0.459,32.181000000000004,15.810329028834284,6.549181359489832,21.65710953502945,3128.0,20,35.21482
1565,-1.037,40.919,1.003,47.787000000000006,-0.561,32.045,15.81950252062308,6.704453520377477,20.82688658827063,3130.0,20,35.21482
1566,-0.7310000000000001,36.023,0.051,42.959,-1.0710000000000002,29.597,13.409024125565589,4.203295334302062,15.882162354450148,3132.0,20,35.21482
1567,-0.527,35.037,0.391,41.395,-0.935,30.821,10.656817160859992,3.276506863212401,12.710118018366494,3134.0,20,35.21482
1568,-0.6970000000000001,35.207,-0.051,40.001000000000005,-0.629,30.991000000000003,9.02852058756029,2.7417310155608985,10.693043300412825,3136.0,20,35.21482
1569,-0.493,34.017,0.323,39.627,0.051,31.433000000000003,8.198513279857513,2.1841455939090206,9.519101032289344,3138.0,20,35.21482
1570,-0.357,34.391000000000005,-1.275,40.001000000000005,-0.357,31.127,8.92135639911331,2.5945376772876605,9.763140014468776,3140.0,20,35.21482
1571,-0.221,33.371,-0.323,41.327000000000005,-0.187,31.467,9.86093788642845,1.816972397747076,10.275950675013975,3142.0,20,35.21482
1572,-0.425,34.493,-1.241,43.775000000000006,-0.901,32.589000000000006,11.191165980361474,2.2749330486609693,11.840630519607044,3144.0,20,35.21482
1573,-0.561,34.935,-0.901,41.905,-0.629,30.923,10.98536790462659,2.145349709250725,12.272015419243866,3146.0,20,35.21482
1574,-0.493,33.949000000000005,-1.955,43.673,0.357,30.379,13.493545864597635,2.940978856955576,15.133412915366412,3148.0,20,35.21482
1575,-0.459,34.051,-0.765,41.837,0.221,29.223000000000003,12.652477702015524,3.124317816574052,13.227771141547722,3150.0,20,35.21482
1576,-0.425,33.949000000000005,-1.0710000000000002,42.483,-1.0710000000000002,30.583,11.9,2.3370641058257475,12.90034579917845,3152.0,20,35.21482
1577,-0.289,32.929,-0.323,38.641000000000005,-0.8670000000000001,30.821,7.838898902269375,2.3616764177678125,8.434680149894255,3154.0,20,35.21482
1578,-0.391,31.773000000000003,-1.3430000000000002,38.981,-1.241,35.921,3.061699528039941,3.7381545539164582,6.358348509546725,3156.0,20,35.21482
1579,-0.357,32.113,-1.105,39.661,-0.935,36.091,3.5740453270768686,3.771326608668269,6.59929099277998,3158.0,20,35.21482
1580,-0.425,31.977000000000004,-1.275,37.791,0.119,27.659,10.2274464066061,3.7983230011490257,12.62097702962314,3160.0,20,35.21482
1581,-0.357,32.147000000000006,-0.221,39.457,-1.0710000000000002,25.755000000000003,13.72833944801774,3.7938579061021502,14.422738439789669,3162.0,20,35.21482
1582,-0.561,32.521,0.323,41.803,-1.037,25.721,16.13940283901483,4.179797285853661,17.159125932782807,3164.0,20,35.21482
1583,-0.289,33.439,1.207,45.849,-1.207,26.095,19.90095254001677,5.244859215718117,21.14057937476812,3166.0,20,35.21482
1584,-0.561,33.813,2.261,42.109,0.323,27.591,14.646780123972642,5.053338366307767,19.482725885072316,3168.0,20,35.21482
1585,-0.051,34.901,2.329,46.86900000000001,-1.241,32.691,14.620553477895426,5.655292320618476,17.387123682860928,3170.0,20,35.21482
1586,-0.085,36.499,0.629,46.223000000000006,-0.255,28.237,18.007710903943348,5.230739100319315,20.001086428665676,3172.0,20,35.21482
1587,-0.493,36.363,0.323,47.413,-1.207,32.827000000000005,14.666025228397777,5.987964016609021,17.612536463674893,3174.0,20,35.21482
1588,-0.935,37.179,1.479,47.54900000000001,-1.241,34.255,13.56940809320731,6.02407703845988,20.441284712786768,3176.0,20,35.21482
1589,-0.391,38.777,-2.669,44.625,0.153,29.903,14.990028952607132,5.989756975118462,17.00888106703657,3178.0,20,35.21482
1590,-0.8670000000000001,38.097,-3.2470000000000003,46.937000000000005,-1.207,28.917,18.13510408020864,6.1620849339148105,23.453202566292173,3180.0,20,35.21482
1591,-0.6970000000000001,37.825,-0.8330000000000001,44.965,-2.091,45.645,1.4300223774472902,5.523352456465937,1.545277022178426,3182.0,20,35.21482
1592,-0.6970000000000001,37.995000000000005,-0.6970000000000001,30.039,0.629,47.277,17.288924778597426,5.783847179831606,19.56944643051584,3184.0,20,35.21482
1593,-0.969,36.975,-1.139,29.869000000000003,-1.377,47.447,17.579611144732414,5.566223893017563,18.873549016788477,3186.0,20,35.21482
1594,-0.799,37.825,-1.037,29.869000000000003,0.323,47.753,17.93563648159719,5.963811628720104,19.81884902523259,3188.0,20,35.21482
1595,-0.493,40.375,-0.969,33.065000000000005,0.901,48.059000000000005,15.110160025625143,5.975129920469692,21.75253604888079,3190.0,20,35.21482
1596,-0.255,39.661,-0.119,30.889000000000003,0.153,47.821000000000005,16.934184598025382,5.525801856251457,20.43921235086088,3192.0,20,35.21482
1597,-0.765,38.947,-0.493,32.045,-2.499,44.455000000000005,12.571083326428155,5.451511505805522,14.7857925870035,3194.0,20,35.21482
1598,-0.663,38.539,-1.105,31.127,-2.363,44.557,13.488790308993616,5.462242497569309,15.42529115078653,3196.0,20,35.21482
1599,-0.663,40.681,2.2950000000000004,46.767,2.057,46.631,0.2741167634421507,5.773322933646862,0.505537630467344,3198.0,20,35.21482
1600,-0.629,41.73500000000001,3.3150000000000004,45.033,-0.085,34.357,11.204328449309225,5.953092159345247,20.10443623024517,3200.0,20,35.21482
1601,-0.765,41.157,2.567,46.189,-0.901,33.099000000000004,13.541607142433278,5.925639954300793,25.5672898089926,3202.0,20,35.21482
1602,-0.935,40.341,-2.567,44.489,0.323,31.569000000000003,13.239278681257526,6.158923544955342,14.39672950576515,3204.0,20,35.21482
1603,-0.391,40.919,2.499,45.441,0.119,31.025,14.61114150229201,5.906720932504704,24.02502511120252,3206.0,20,35.21482
1604,-0.5950000000000001,41.769000000000005,1.887,47.583000000000006,-1.275,33.065000000000005,14.85835011029152,5.31693384016287,24.708652588426023,3208.0,20,35.21482
1605,-0.799,41.73500000000001,1.479,47.719,-0.289,35.275000000000006,12.5689681358495,4.43953478323263,19.665704046394502,3210.0,20,35.21482
1606,-0.7310000000000001,41.769000000000005,-0.493,47.855,-0.323,35.343,12.51315483800948,4.28033160871877,19.33207324816915,3212.0,20,35.21482
1607,-0.561,41.701,2.601,45.271,-0.663,36.057,9.775044347725489,4.090284249804623,14.185836919050288,3214.0,20,35.21482
1608,-0.459,40.987,2.5330000000000004,45.067,-1.3090000000000002,33.031000000000006,12.63432863273708,3.710395096550601,,3216.0,20,35.21482
1609,-0.119,41.599,1.649,47.685,3.111,45.815000000000005,2.3736773158961606,4.212780875731179,2.814081441429211,3218.0,20,35.21482
1610,-0.493,40.681,1.819,46.223000000000006,0.187,36.397000000000006,9.960607411197373,3.922771697976905,12.623123166768666,3220.0,20,35.21482
1611,-0.255,40.953,1.3090000000000002,47.923,2.2270000000000003,47.005,1.2982480502585014,4.364261040824491,2.960073506615316,3222.0,20,35.21482
1612,0.085,40.953,-1.6150000000000002,48.161,1.989,47.209,3.727615860037083,4.943761859284757,7.951597360163068,3224.0,20,35.21482
1613,0.085,41.259,-2.125,47.753,-1.0710000000000002,33.847,13.945886561993827,4.582381598514285,17.236976565763126,3226.0,20,35.21482
1614,0.119,41.531000000000006,-2.975,47.277,-0.187,33.575,13.982766106890296,4.986174492918531,19.51809087264046,3228.0,20,35.21482
1615,-0.085,41.837,-3.893,45.917,-0.5950000000000001,33.915,12.446879448279397,4.563950345323924,18.752946138019105,3230.0,20,35.21482
1616,-0.153,41.531000000000006,-2.873,47.243,-0.561,33.915,13.527044318697268,4.7340543717605685,18.36213489120422,3232.0,20,35.21482
1617,-0.323,41.021,-2.023,47.651,0.085,32.725,15.074121533276823,4.814458169964554,16.960734896482,3234.0,20,35.21482
1618,-1.105,41.157,-0.323,48.059000000000005,-0.527,31.705,16.3552722997815,5.259723558678319,19.48628411804276,3236.0,20,35.21482
1619,-1.105,41.157,-4.097,43.503,-0.8670000000000001,34.663000000000004,9.411615164253158,4.465920421683851,14.68339622127851,3238.0,20,35.21482
1620,-0.5950000000000001,40.409000000000006,-4.063000000000001,43.537000000000006,-0.527,31.705,12.349069600581252,4.319060023861489,16.569580732619638,3240.0,20,35.21482
1621,-0.901,41.089000000000006,-1.139,47.379000000000005,-1.105,33.065000000000005,14.31404037999055,4.951078904987989,17.6305313494776,3242.0,20,35.21482
1622,-0.799,40.885000000000005,0.561,47.957,1.5810000000000002,42.143,5.9027956088619575,5.055834249900515,14.768065231479664,3244.0,20,35.21482
1623,-0.5950000000000001,41.072,0.255,47.923,2.2270000000000003,46.291,2.559728110561745,4.98678876018492,17.919475681644418,3246.0,20,35.21482
1624,-0.391,41.191,-1.105,34.833000000000006,0.901,47.923,13.242814504477511,4.3825820556497845,15.144074293527648,3248.0,20,35.21482
1625,-0.391,39.593,1.649,42.075,0.289,44.86300000000001,3.102022566004316,3.4456748449212204,8.03065741360879,3250.0,20,35.21482
1626,-0.459,40.069,2.431,46.291,-3.451,44.251000000000005,6.225714738084296,3.532681031092861,12.30563076764258,3252.0,20,35.21482
1627,-0.459,40.307,1.3430000000000002,46.86900000000001,0.017,35.445,11.50069789186726,3.728386044593352,13.873962137985712,3254.0,20,35.21482
1628,-0.425,40.817,0.8670000000000001,47.141000000000005,-3.689,46.257000000000005,4.640968864364424,3.940427962007549,15.45431041587907,3256.0,20,35.21482
1629,-0.323,38.709,-0.561,47.073,0.051,35.683,11.40642994104641,3.467777084742476,14.859402810087072,3258.0,20,35.21482
1630,-0.153,37.043,-1.173,46.937000000000005,-1.3090000000000002,39.423,7.51523066844924,4.970955112612895,11.497847701600335,3260.0,20,35.21482
1631,-0.663,37.213,-2.125,47.447,0.221,31.059,16.55506750212756,5.224640500651474,21.679328831566657,3262.0,20,35.21482
1632,-0.255,36.601,-1.0710000000000002,38.573,-0.799,29.631000000000004,8.946135925638512,5.560827783596216,9.611280837050328,3264.0,20,35.21482
1633,-0.7310000000000001,34.833000000000006,-0.935,38.709,0.255,29.291,9.492882807661749,5.941823655628622,11.306539388567192,3266.0,20,35.21482
1634,-0.561,35.547000000000004,0.493,48.127,0.357,32.011,16.11657382944651,5.606743675081421,25.557911877999143,3268.0,20,35.21482
1635,-0.289,36.397000000000006,-0.187,48.399,-1.241,28.951,19.476540247179425,5.569856980220352,25.437918292207225,3270.0,20,35.21482
1636,-0.459,35.989000000000004,2.805,42.755,-1.139,26.401000000000003,16.822855049009963,6.618743290293296,21.10306959440885,3272.0,20,35.21482
1637,-0.323,32.147000000000006,3.281,44.387,-1.207,22.729000000000003,22.11811718930886,7.031487116008107,23.82332328880009,3274.0,20,35.21482
1638,-0.357,30.821,1.5470000000000002,47.345000000000006,-1.173,21.811,25.678464829502563,7.667270533469935,28.12117841455073,3276.0,20,35.21482
1639,-0.187,30.005000000000003,1.683,46.801,-1.173,18.751,28.19502147543073,7.639569080814739,30.60101494992256,3278.0,20,35.21482
1640,-0.425,29.903,1.819,47.175,-0.289,18.241,29.010688030448367,7.664588539889855,31.632492892699062,3280.0,20,35.21482
1641,-0.5950000000000001,28.339,1.785,47.379000000000005,0.119,16.065,31.3582868154496,7.765317714371868,33.54933638812713,3282.0,20,35.21482
1642,-0.289,26.605,0.085,40.103,0.391,15.895,24.20993391151657,8.480094348519795,26.39153165870973,3284.0,20,35.21482
1643,-0.561,26.095,0.255,39.967000000000006,0.289,11.339,28.62802019001664,8.90409353005727,29.442622522242196,3286.0,20,35.21482
1644,-0.323,23.001,-0.629,43.843,-0.561,12.869000000000002,30.97407464315924,9.080074292195784,31.891812481326813,3288.0,20,35.21482
1645,-0.459,21.777,-1.479,42.993,0.459,8.415000000000001,34.63226715073676,9.656905714130795,35.96074888328219,3290.0,20,35.21482
1646,-0.289,19.805,-1.105,40.545,0.357,6.545000000000001,34.03141848351314,9.236699507078429,34.81181011139359,3292.0,20,35.21482
1647,-0.289,18.598000000000003,-1.003,39.593,0.425,3.689,35.93238650576942,10.015205291491997,36.93853044082028,3294.0,20,35.21482
1648,-0.357,15.079,-0.629,36.567,0.391,1.377,35.20477950506152,10.243396345159402,36.0370901134456,3296.0,20,35.21482
1649,0.051,14.161,-0.323,31.025,0.425,2.567,28.467828649196274,9.667276281549183,29.740136853839136,3298.0,20,35.21482
1650,0.051,14.297,-0.289,25.993,0.153,3.281,22.71630049105708,9.375390291152447,23.695348827057096,3300.0,20,35.21482
1651,0.017,13.821000000000002,-0.221,25.993,0.391,-0.357,26.357106138572952,10.119954337922206,27.249731187507496,3302.0,20,35.21482
1652,-0.051,10.421,-0.561,26.027,0.527,-1.173,27.22175130295625,9.982482232887495,28.226099706830027,3304.0,20,35.21482
1653,-0.289,7.565,-0.323,12.461,0.527,-2.601,15.085965133195822,9.676184574425877,16.70932445533867,3306.0,20,35.21482
1654,-0.323,6.851000000000001,-0.391,12.257,0.459,-3.689,15.968638514287935,9.223782931721754,16.828175216537375,3308.0,20,35.21482
1655,-0.323,5.933000000000001,-0.289,12.359000000000002,0.425,-4.675000000000001,17.048957504786035,8.553410906132923,17.8078196574297,3310.0,20,35.21482
1656,-0.391,3.961,-0.323,12.359000000000002,0.493,-7.225,19.60099262792576,8.894375092489748,20.421582388576923,3312.0,20,35.21482
1657,-0.323,4.675000000000001,-0.425,12.257,0.391,-8.041,20.31439538849237,9.629596303894887,21.03012053819086,3314.0,20,35.21482
1658,-0.391,2.805,-0.459,23.749,0.323,-11.169,34.92675547485052,9.781599251856036,35.82148340569135,3316.0,20,35.21482
1659,-0.221,0.6970000000000001,-0.425,21.335,0.493,-10.591,31.9391953561764,8.554094940948955,32.837027535247095,3318.0,20,35.21482
1660,-0.255,-1.955,-0.255,12.223,0.493,-13.753,25.986767401891296,8.459510048251873,26.86467991301076,3320.0,20,35.21482
1661,-0.119,-3.2470000000000003,-0.7310000000000001,18.207,0.629,-16.371000000000002,34.60473499392822,9.71853774911259,36.07123165648413,3322.0,20,35.21482
1662,-0.017,-5.151000000000001,0.017,12.359000000000002,0.323,-16.643,29.003614257536945,8.992053869604588,30.29646927658326,3324.0,20,35.21482
1663,0.017,-7.837000000000001,-0.221,12.257,0.663,-19.125,31.394448235317025,9.413504491197,32.8578245186745,3326.0,20,35.21482
1664,-0.017,-10.319,-0.527,10.353000000000002,0.561,-19.873,30.24557521357463,8.888795013044932,31.566824456731283,3328.0,20,35.21482
1665,0.017,-9.741,-0.969,10.047,0.629,-20.315,30.40402354952384,8.741530793027787,31.461456951757143,3330.0,20,35.21482
1666,0.017,-11.033,-0.391,10.387,0.6970000000000001,-23.681,34.08536882593469,9.60276674025243,35.35357023282182,3332.0,20,35.21482
1667,0.153,-13.855,-1.0710000000000002,8.075000000000001,0.6970000000000001,-25.347,33.46873030158151,9.563697536788489,35.18802714267049,3334.0,20,35.21482
1668,-0.119,-14.875000000000002,-0.7310000000000001,6.409000000000001,0.561,-25.721,32.15596622712494,9.17778198223096,33.247825661572634,3336.0,20,35.21482
1669,-0.119,-15.079,0.221,6.341,0.459,-24.973000000000003,31.31490443862156,9.560100152929849,33.43387627758853,3338.0,20,35.21482
1670,-0.051,-14.739,-1.105,4.641,-0.459,-25.823,30.47084856055046,9.257717835354043,31.20084440679676,3340.0,20,35.21482
1671,-0.051,-17.425,-0.901,4.607,0.629,-29.019,33.66078988972184,9.745093271599748,34.76318557835271,3342.0,20,35.21482
1672,0.085,-18.615,-0.935,1.411,0.765,-30.243,31.699616969294755,9.09175731419579,32.773987631732936,3344.0,20,35.21482
1673,0.153,-18.649,-0.969,-3.3830000000000005,0.493,-30.345,27.00160898909545,8.784288341661084,28.25994922457573,3346.0,20,35.21482
1674,0.085,-18.615,-0.663,-2.635,0.017,-31.501,28.874008311974976,9.062128426172698,29.66899912288921,3348.0,20,35.21482
1675,-0.085,-23.001,-0.085,-3.043,0.527,-35.105000000000004,32.06784040124935,9.093061098793,32.83376908254152,3350.0,20,35.21482
1676,0.017,-23.987,-0.017,-3.0770000000000004,0.799,-36.057,32.990093300868374,9.562487930059463,33.860959570568625,3352.0,20,35.21482
1677,-0.119,-24.327,-0.051,-3.587,0.8670000000000001,-36.771,33.19669531745593,9.204830167422967,34.087738292129586,3354.0,20,35.21482
1678,0.119,-27.217,-0.493,-6.477,0.799,-39.593,33.141193702098306,9.038931133597188,33.855748032031656,3356.0,20,35.21482
1679,0.391,-29.733,-0.935,-9.911,1.139,-40.953,31.111207626834418,8.788889589650173,32.11450170894766,3358.0,20,35.21482
1680,0.289,-31.739,-0.765,-10.659,-1.513,-42.075,31.42490350024961,8.855572386398562,33.168529263048086,3360.0,20,35.21482
1681,0.221,-32.895,-0.153,-13.481000000000002,-3.2470000000000003,-43.979000000000006,30.65454028361868,9.210309840764436,32.66044672783373,3362.0,20,35.21482
1682,0.255,-34.085,-0.051,-12.971,-2.193,-42.211000000000006,29.318352000069854,9.350289548560236,33.39975594471984,3364.0,20,35.21482
1683,0.153,-33.031000000000006,-0.8330000000000001,-15.589,-2.5330000000000004,-43.401,27.86390755080845,9.049418881216257,31.50626813329141,3366.0,20,35.21482
1684,-0.085,-32.487,0.187,-20.927000000000003,-0.459,-39.729000000000006,18.813094375992485,6.341981279178815,20.92017713085266,3368.0,20,35.21482
1685,0.323,-31.433000000000003,-0.391,-19.261000000000003,-0.8670000000000001,-40.953,21.69722194199064,6.338295562052302,23.560267190136084,3370.0,20,35.21482
1686,-0.085,-33.507000000000005,0.391,-14.433000000000002,-3.1790000000000003,-44.931,30.70623558823192,8.554592313257512,33.71585577197154,3372.0,20,35.21482
1687,-0.357,-35.275000000000006,-0.663,-16.337,-1.3090000000000002,-47.651,31.32066270052408,9.08339354500048,33.79250587669976,3374.0,20,35.21482
1688,-0.391,-35.972,-0.289,-15.555,-1.751,-47.821000000000005,32.29910525076507,9.026174795895846,33.960306055537934,3376.0,20,35.21482
1689,-0.425,-35.581,-0.085,-15.045000000000002,-0.391,-47.787000000000006,32.743429875320025,9.11965965447807,33.83617769695155,3378.0,20,35.21482
1690,-0.425,-35.258,0.017,-14.807,0.119,-47.855,33.04815740703255,9.402066415279792,34.40649486024988,3380.0,20,35.21482
1691,-0.391,-35.615,-0.391,-15.011,1.445,-48.161,33.20080414688777,9.28769023070565,35.139438941168805,3382.0,20,35.21482
1692,-0.085,-37.179,-0.153,-16.303,2.975,-47.243,31.097716700748304,9.024594382023368,33.728430485812204,3384.0,20,35.21482
1693,-0.357,-36.703,-0.017,-15.691,1.921,-48.093,32.45990523707671,9.24079629415826,34.53956081404523,3386.0,20,35.21482
1694,-0.357,-37.247,-0.765,-16.303,3.0090000000000003,-47.413,31.33807869030902,9.236999353782975,34.86163780283673,3388.0,20,35.21482
1695,-0.323,-37.043,-0.799,-22.151000000000003,1.887,-48.059000000000005,26.04686276694374,8.869772445579859,29.11940362226257,3390.0,20,35.21482
1696,-0.153,-38.267,-0.051,-17.867,3.111,-43.061,25.391649808549268,8.540772291068915,33.828346857817586,3392.0,20,35.21482
1697,0.221,-39.559000000000005,0.459,-23.137,2.7030000000000003,-46.801,23.77015843447409,8.135192828581602,29.63110413650356,3394.0,20,35.21482
1698,0.493,-39.491,-0.119,-22.423,1.853,-48.093,25.74563427068753,8.555117389711244,29.29825577723076,3396.0,20,35.21482
1699,0.391,-39.695,-0.527,-19.601000000000003,-0.085,-48.093,28.49542819471222,8.407688090135041,33.2574869782001,3398.0,20,35.21482
1700,0.459,-39.321000000000005,-0.357,-19.635,0.799,-48.399,28.787219942189623,8.290478356312471,32.65023203903519,3400.0,20,35.21482
1701,0.5950000000000001,-39.253,-0.119,-19.465,0.221,-48.399,28.935997580868023,8.348532820890195,33.015209223917445,3402.0,20,35.21482
1702,0.051,-39.559000000000005,-0.7310000000000001,-18.853,-0.765,-47.889,29.03601990631636,8.831409891872132,34.21732055756782,3404.0,20,35.21482
1703,0.051,-39.593,-0.323,-19.533,-0.017,-48.229000000000006,28.697631470210226,8.323945453741933,32.04841397953236,3406.0,20,35.21482
1704,0.153,-38.301,-0.017,-19.363000000000003,-0.391,-47.243,27.88250842374122,8.349964808261808,30.619367975489148,3408.0,20,35.21482
1705,0.289,-40.137,-0.969,-19.601000000000003,-0.8670000000000001,-48.195,28.594181925699505,8.370707085164192,33.31905080802214,3410.0,20,35.21482
1706,-0.119,-40.749,-0.765,-19.635,-1.139,-48.093,28.460457480511447,8.74802335237966,35.057894435089715,3412.0,20,35.21482
1707,0.425,-40.681,-0.8670000000000001,-19.669,-1.5810000000000002,-47.005,27.345323037038717,8.527896699250114,33.67250505986204,3414.0,20,35.21482
1708,-0.085,-40.511,0.187,-22.797,-1.377,-47.821000000000005,25.07282736350251,7.954681867187479,29.195788276824626,3416.0,20,35.21482
1709,-0.153,-40.409000000000006,0.051,-26.639000000000003,-0.425,-47.447,20.813443732357214,7.033504323224293,24.05136120535921,3418.0,20,35.21482
1710,-0.119,-39.695,0.017,-26.605,-1.513,-47.277,20.7285427370088,6.853918816711169,24.098267225998416,3420.0,20,35.21482
1711,-0.153,-40.001000000000005,0.221,-27.285000000000004,-2.193,-46.733,19.597247255673437,7.098965578209167,24.125028421447148,3422.0,20,35.21482
1712,0.187,-42.211000000000006,0.153,-33.405,-2.805,-45.407,12.36113942968042,6.0517979819950325,20.71673222242324,3424.0,20,35.21482
1713,0.153,-42.755,-0.357,-34.357,-2.7710000000000004,-46.767,12.642606376851257,6.283069823290416,21.49570181532808,3426.0,20,35.21482
1714,0.051,-41.276,0.6970000000000001,-27.319000000000003,-1.411,-47.447,20.23808409904456,5.9268546158356346,25.6562621455736,3428.0,20,35.21482
1715,0.323,-41.395,0.289,-28.033,-0.629,-47.957,19.94513725197197,6.232521115337972,25.949933622683663,3430.0,20,35.21482
1716,-0.289,-42.245000000000005,-0.051,-27.557,-2.8390000000000004,-44.693000000000005,17.361320226296158,6.715250528746016,25.40122300806543,3432.0,20,35.21482
1717,-0.255,-42.313,-0.7310000000000001,-25.721,-3.4850000000000003,-44.217000000000006,18.69990727249737,6.816745851745104,27.62098870999477,3434.0,20,35.21482
1718,0.289,-42.211000000000006,-0.7310000000000001,-25.959000000000003,-3.349,-43.605,17.839149082845854,6.943465719736192,29.126453929945672,3436.0,20,35.21482
1719,0.391,-43.605,0.5950000000000001,-30.447000000000003,-3.519,-44.897000000000006,15.024230296424507,5.709915785813667,23.989444577040544,3438.0,20,35.21482
1720,0.017,-40.086000000000006,-0.799,-27.557,-1.5810000000000002,-46.325,18.784284601762188,6.1442210056154885,25.0455264251889,3440.0,20,35.21482
1721,-0.051,-40.919,-0.629,-26.843000000000004,-1.887,-47.005,20.20120808268654,6.251125388992935,26.559449831601796,3442.0,20,35.21482
1722,-0.391,-41.123000000000005,-0.255,-24.259,-2.873,-46.393,22.28829019911577,7.558762834814591,27.56150597484229,3444.0,20,35.21482
1723,-0.187,-41.667,0.017,-25.449,-2.805,-46.393,21.13326335424797,7.323490545521737,26.298797820861527,3446.0,20,35.21482
1724,-0.289,-42.619,0.119,-33.541000000000004,-2.431,-47.005,13.703349809444406,7.739625404672449,19.185134636587563,3448.0,20,35.21482
1725,-0.323,-42.109,-0.391,-24.191000000000003,-3.3150000000000004,-45.577000000000005,21.584966342341147,7.659914509251167,29.20353711680745,3450.0,20,35.21482
1726,-0.085,-41.259,0.391,-26.163,-2.5330000000000004,-46.665000000000006,20.709461122878118,7.11195809410055,24.85601419459845,3452.0,20,35.21482
1727,-0.119,-42.415000000000006,0.357,-25.993,-3.281,-45.305,19.65167646792507,7.4038603807184895,27.648426592226887,3454.0,20,35.21482
1728,-0.289,-41.225,0.357,-27.149,-2.9410000000000003,-45.067,18.21898811679727,6.947500247534916,24.130833383045747,3456.0,20,35.21482
1729,0.221,-40.307,0.221,-28.951,-2.091,-46.767,17.965388946527153,6.569231109948288,21.00686848195565,3458.0,20,35.21482
1730,-0.119,-40.103,-0.357,-28.441000000000003,-3.0090000000000003,-46.189,17.945044106939385,7.707138703713387,21.542047834330507,3460.0,20,35.21482
1731,-0.017,-37.111,-0.7310000000000001,-22.967,-1.105,-44.42100000000001,21.457259657281497,6.786043762522143,25.66403703777136,3462.0,20,35.21482
1732,-0.119,-38.063,-0.153,-23.647,-3.111,-46.189,22.735248580123336,6.907707832139852,26.44372169456237,3464.0,20,35.21482
1733,-0.051,-40.001000000000005,-0.187,-21.675,-3.5530000000000004,-44.455000000000005,23.02733931656022,7.71122434703606,30.28166799597577,3466.0,20,35.21482
1734,-0.051,-42.143,-0.765,-32.521,-3.111,-45.883,13.56638345322732,8.227571234528464,19.552105411425845,3468.0,20,35.21482
1735,-0.051,-41.718,,,,,13.56638345322732,7.54565176005981,,3470.0,20,35.21482
1736,-0.017,-41.31,-0.255,-23.443,-3.349,-44.693000000000005,21.474061935274374,7.585052505148032,27.9380614118644,3472.0,20,35.21482
1737,0.051,-40.987,-0.5950000000000001,-25.517000000000003,-2.737,-45.815000000000005,20.410707190100005,6.835978456330123,25.93903472896653,3474.0,20,35.21482
1738,0.289,-39.763000000000005,-0.6970000000000001,-24.837000000000003,-0.357,-47.787000000000006,22.952518380343363,6.454795922468117,26.68786982557901,3476.0,20,35.21482
1739,0.255,-40.851000000000006,-0.493,-25.007,-2.4650000000000003,-47.175,22.255538816213814,7.1664942620010885,29.15017904147558,3478.0,20,35.21482
1740,0.527,-41.021,-0.561,-25.279000000000003,-1.955,-47.379000000000005,22.14392097167979,6.805614566875204,27.61412135566106,3480.0,20,35.21482
1741,0.561,-40.647000000000006,-0.8330000000000001,-24.735000000000003,-1.479,-47.957,23.23098362101786,6.792530021068252,29.080639029755982,3482.0,20,35.21482
1742,0.459,-41.293000000000006,-0.901,-24.939,-2.5330000000000004,-47.107000000000006,22.227992441963806,7.408267351453153,31.17436019102725,3484.0,20,35.21482
1743,0.323,-41.837,-0.8670000000000001,-22.117,-3.349,-45.373000000000005,23.388070890947805,7.963480464005152,36.05070659471346,3486.0,20,35.21482
1744,0.255,-42.313,0.629,-21.675,-3.043,-44.455000000000005,23.07405434681994,8.156293613157782,36.84367525691499,3488.0,20,35.21482
1745,0.391,-38.879000000000005,0.765,-30.515,-0.7310000000000001,-46.699000000000005,16.25299578539292,6.415124379430532,17.756357316254224,3490.0,20,35.21482
1746,0.085,-36.176,0.119,-24.191000000000003,-1.5470000000000002,-44.081,19.959650698346405,5.165098953666443,23.46260492863414,3492.0,20,35.21482
1747,-0.153,-37.213,0.663,-21.709000000000003,-3.1790000000000003,-42.959,21.59452393547957,6.544820940280959,28.373191453463743,3494.0,20,35.21482
1748,0.187,-36.499,-0.765,-22.185,2.023,-42.653000000000006,20.65700772135209,6.011021773412068,24.783993567349235,3496.0,20,35.21482
1749,-0.051,-34.255,0.561,-29.869000000000003,-0.935,-40.953,11.184501419374936,3.842134375502378,12.553272087720805,3498.0,20,35.21482
1750,0.085,-32.351,-0.527,-22.865,0.8670000000000001,-37.995000000000005,15.19408226909411,3.894163918099739,16.329807046852196,3500.0,20,35.21482
1751,-0.153,-31.263,-0.357,-26.469,0.765,-34.425000000000004,8.034725882069656,2.221949267518382,9.953840421710956,3502.0,20,35.21482
1752,-0.221,-30.073,0.289,-25.585,-0.7310000000000001,-25.721,1.029026724628666,2.585757467122977,1.998370730183589,3504.0,20,35.21482
1753,-0.017,-31.025,0.357,-23.103,-0.255,-35.003,11.9157267508113,3.1950378477231465,12.96702710366139,3506.0,20,35.21482
1754,-0.085,-30.209000000000003,-0.8330000000000001,-23.545,0.765,-32.045,8.648907676695364,3.37758613635054,13.610491018556786,3508.0,20,35.21482
1755,0.017,-29.019,-0.765,-20.621,0.255,-34.663000000000004,14.07899726543052,3.794765471537522,15.208975118027514,3510.0,20,35.21482
1756,0.017,-29.053,-0.799,-22.355,0.663,-32.657000000000004,10.405222150439654,3.5686747976406283,12.29630896944629,3512.0,20,35.21482
1757,-0.017,-28.373,-0.935,-19.261000000000003,0.459,-32.963,13.772728124812456,4.249265781105837,15.205579451384423,3514.0,20,35.21482
1758,0.187,-28.577,-0.391,-22.083,0.459,-32.249,10.201473226941294,3.824682801947519,12.488149548381829,3516.0,20,35.21482
1759,0.017,-28.577,0.051,-23.069000000000003,-0.357,-23.273000000000003,0.4561578674099572,3.687274021414019,1.4903848351883304,3518.0,20,35.21482
1760,0.187,-29.053,-0.799,-23.375,-0.8670000000000001,-26.435,3.060755462300117,3.050624052953262,4.510234789672381,3520.0,20,35.21482
1761,0.187,-28.611,0.7310000000000001,-24.395000000000003,-0.7310000000000001,-27.285000000000004,3.238756551517882,2.932300076559756,4.005056613405236,3522.0,20,35.21482
1762,0.221,-28.781,0.459,-21.607000000000003,0.629,-22.457,0.8668333173107735,3.5915761597501383,2.0964918398341017,3524.0,20,35.21482
1763,0.153,-27.625000000000004,0.561,-19.227,-0.799,-31.093000000000004,11.943682681652255,4.527555361658783,16.45231084477314,3526.0,20,35.21482
1764,0.119,-27.285000000000004,-0.969,-16.677,-0.561,-22.491000000000003,5.828298207881955,5.449802912702825,9.140002302023593,3528.0,20,35.21482
1765,0.017,-25.653,-1.003,-13.923000000000002,-0.629,-23.171000000000003,9.255559410430036,6.2623054926262505,11.544843920344348,3530.0,20,35.21482
1766,-0.085,-24.939,,,,,9.255559410430036,6.384780215237549,,3532.0,20,35.21482
1767,-0.323,-23.953000000000003,-0.425,-10.319,-0.561,-28.917,18.5984972511222,6.836802398079132,22.81257646045147,3534.0,20,35.21482
1768,-0.153,-22.321,-0.901,-8.007000000000001,0.6970000000000001,-24.361,16.431887292700132,7.892464025219281,23.122124998051294,3536.0,20,35.21482
1769,-0.289,-20.808,-0.935,-7.701,0.323,-25.619000000000003,17.962107003355705,7.409566617225347,20.344423791628508,3538.0,20,35.21482
1770,-0.153,-18.513,-0.935,-8.483,-0.7310000000000001,-30.957,22.47492585082318,7.304739868837114,27.04308489258396,3540.0,20,35.21482
1771,-0.255,-17.323,,,,,22.47492585082318,8.479540780913295,,3542.0,20,35.21482
1772,-0.391,-14.926000000000002,,,,,22.47492585082318,9.000883110093165,,3544.0,20,35.21482
1773,-0.255,-11.441,-0.901,-0.119,0.051,-25.483,25.381859663941096,7.584932600610014,26.82169199625581,3546.0,20,35.21482
1774,-0.153,-10.523,-0.969,-1.275,-0.663,-19.839,18.56652180673591,6.904585745187302,20.5684130499195,3548.0,20,35.21482
1775,-0.323,-8.517000000000001,-1.139,1.955,-0.5950000000000001,-21.267000000000003,23.228371014774154,7.797680396674538,24.349749244621638,3550.0,20,35.21482
1776,-0.221,-7.089,-1.0710000000000002,4.505,-0.6970000000000001,-25.483,29.990332108864685,8.783268574748776,31.42861079305338,3552.0,20,35.21482
1777,-0.153,-5.746,-1.139,6.239000000000001,-0.765,-26.435,32.67614040856111,9.632310506644355,34.140917760232824,3554.0,20,35.21482
1778,-0.187,-6.494000000000001,-1.0710000000000002,5.831,-0.7310000000000001,-26.741000000000003,32.573774481935615,9.694764457106045,34.02053195649765,3556.0,20,35.21482
1779,-0.221,-4.471,-1.139,6.885000000000001,0.425,-25.551,32.473684607694274,9.457342693483264,33.48623318132026,3558.0,20,35.21482
1780,-0.187,-3.349,-1.0710000000000002,8.347000000000001,0.153,-22.695,31.06612206246541,9.566829147035682,32.32573588030333,3560.0,20,35.21482
1781,-0.085,-2.669,-1.207,7.565,0.187,-23.511000000000003,31.10725015169293,9.458608199425983,33.134825494019694,3562.0,20,35.21482
1782,-0.221,-3.145,-0.799,9.129,0.357,-23.511000000000003,32.66046441800851,9.341339633388056,33.472195581880335,3564.0,20,35.21482
1783,-0.187,-0.561,-1.003,11.543,-0.017,-18.513,30.072168727911865,8.405756846730856,30.787800196352222,3566.0,20,35.21482
1784,-0.051,1.955,-1.105,12.121,-0.051,-18.309,30.44824815978745,8.596281245642587,31.53609147771232,3568.0,20,35.21482
1785,-0.051,3.1790000000000003,-1.173,14.739,-0.289,-17.391000000000002,32.1421585460591,9.078506312848386,33.67795265960785,3570.0,20,35.21482
1786,-0.119,5.559,-1.173,17.255000000000003,0.425,-14.637,31.932010083926755,9.41221045697716,32.9982553026388,3572.0,20,35.21482
1787,-0.425,5.389,-1.173,17.051000000000002,-0.051,-14.841,31.91173057043444,8.870622234739223,33.26064563960989,3574.0,20,35.21482
1788,-0.323,6.7490000000000006,-0.935,18.649,0.085,-13.583,32.24813520189966,9.12418440897773,33.114345095848975,3576.0,20,35.21482
1789,-0.459,8.619,-1.139,19.159,-0.459,-12.733,31.89924864318908,9.240085303291629,32.96768766537218,3578.0,20,35.21482
1790,-0.323,7.803000000000001,-1.241,17.935000000000002,0.527,-11.951,29.93825011586349,8.933076590550543,32.004273557636466,3580.0,20,35.21482
1791,-0.221,7.803000000000001,-1.241,16.439,0.527,-8.891,25.39162704515014,8.771074851851175,29.33098503437189,3582.0,20,35.21482
1792,-0.289,6.409000000000001,-0.119,16.881,-0.119,-10.829,27.71,8.033646163389408,29.80301680394618,3584.0,20,35.21482
1793,-0.459,5.508,0.085,15.793,0.323,-8.823,24.61715052559902,7.993652627353407,26.69549250193612,3586.0,20,35.21482
1794,-0.221,5.831,0.289,13.447,-0.323,-11.509,24.963502959320437,7.897128718204762,28.7256289492081,3588.0,20,35.21482
1795,-0.561,5.457000000000001,-0.561,17.085,-0.765,-11.101,28.186738229174374,8.60158022167004,29.491102766186877,3590.0,20,35.21482
1796,-0.255,4.7090000000000005,-1.037,12.631,-0.187,-11.135000000000002,23.78119542832109,7.204955620396304,25.480319852990117,3592.0,20,35.21482
1797,-0.561,3.859,-0.935,13.549,-1.037,-7.055000000000001,20.604252473700665,5.673607925518991,21.62107942152594,3594.0,20,35.21482
1798,-0.527,3.1790000000000003,-1.173,14.467,-0.765,-8.721,23.191589165039986,6.151870132800361,24.5142496795002,3596.0,20,35.21482
