# # Empirical minimum Rg boundary extracted from simulation data
# # Column 1: Rg/L (minimum)
# # Column 2: Re/L
# # Generated from 200 unique Re values
# # Method: Find minimum Rg for each unique Re value across all simulation datasets
0.068571 0.000100
0.066637 0.004864
0.064139 0.009629
0.063018 0.014393
0.060559 0.019157
0.056432 0.023922
0.053832 0.028686
0.052897 0.033450
0.053564 0.038215
0.053649 0.042979
0.052748 0.047743
0.051049 0.052508
0.048482 0.057272
0.047028 0.062036
0.047192 0.066801
0.047479 0.071565
0.047735 0.076329
0.047970 0.081093
0.048603 0.085858
0.049005 0.090622
0.049294 0.095386
0.049867 0.100151
0.050068 0.104915
0.050165 0.109679
0.050546 0.114444
0.051377 0.119208
0.052417 0.123972
0.052804 0.128737
0.053154 0.133501
0.053738 0.138265
0.054647 0.143030
0.055082 0.147794
0.055771 0.152558
0.055823 0.157323
0.056038 0.162087
0.056060 0.166851
0.056918 0.171616
0.057794 0.176380
0.058571 0.181144
0.058773 0.185909
0.059924 0.190673
0.061118 0.195437
0.061944 0.200202
0.061952 0.204966
0.062012 0.209730
0.062820 0.214494
0.063592 0.219259
0.064701 0.224023
0.065456 0.228787
0.066494 0.233552
0.066719 0.238316
0.067549 0.243080
0.068255 0.247845
0.069407 0.252609
0.070207 0.257373
0.071359 0.262138
0.072082 0.266902
0.073013 0.271666
0.073589 0.276431
0.074578 0.281195
0.075297 0.285959
0.075932 0.290724
0.076772 0.295488
0.078021 0.300252
0.079480 0.305017
0.080762 0.309781
0.081651 0.314545
0.082857 0.319310
0.083718 0.324074
0.084851 0.328838
0.085880 0.333603
0.086806 0.338367
0.088060 0.343131
0.089158 0.347895
0.090642 0.352660
0.092002 0.357424
0.093481 0.362188
0.094998 0.366953
0.096488 0.371717
0.097925 0.376481
0.098186 0.381246
0.098970 0.386010
0.099552 0.390774
0.101566 0.395539
0.102752 0.400303
0.103441 0.405067
0.104078 0.409832
0.105410 0.414596
0.106970 0.419360
0.108407 0.424125
0.109095 0.428889
0.110537 0.433653
0.111418 0.438418
0.112223 0.443182
0.113363 0.447946
0.114825 0.452711
0.116354 0.457475
0.117221 0.462239
0.118636 0.467004
0.120576 0.471768
0.122501 0.476532
0.123629 0.481296
0.125034 0.486061
0.125781 0.490825
0.127106 0.495589
0.128357 0.500354
0.130246 0.505118
0.131746 0.509882
0.132845 0.514647
0.134170 0.519411
0.135292 0.524175
0.136939 0.528940
0.138434 0.533704
0.140762 0.538468
0.142474 0.543233
0.143933 0.547997
0.144703 0.552761
0.146019 0.557526
0.147949 0.562290
0.149710 0.567054
0.151031 0.571819
0.152132 0.576583
0.154187 0.581347
0.155807 0.586112
0.157322 0.590876
0.158625 0.595640
0.160457 0.600405
0.161999 0.605169
0.163258 0.609933
0.164425 0.614697
0.165656 0.619462
0.166886 0.624226
0.168166 0.628990
0.170152 0.633755
0.172107 0.638519
0.173495 0.643283
0.174843 0.648048
0.176314 0.652812
0.178120 0.657576
0.179435 0.662341
0.181302 0.667105
0.182831 0.671869
0.184804 0.676634
0.185794 0.681398
0.187394 0.686162
0.188492 0.690927
0.190076 0.695691
0.191706 0.700455
0.193374 0.705220
0.195000 0.709984
0.196592 0.714748
0.198392 0.719513
0.200087 0.724277
0.201670 0.729041
0.203231 0.733806
0.204899 0.738570
0.206592 0.743334
0.208348 0.748098
0.210031 0.752863
0.211660 0.757627
0.213073 0.762391
0.214595 0.767156
0.216108 0.771920
0.217828 0.776684
0.219506 0.781449
0.221181 0.786213
0.222788 0.790977
0.224418 0.795742
0.226129 0.800506
0.227749 0.805270
0.229512 0.810035
0.231256 0.814799
0.232979 0.819563
0.234538 0.824328
0.236257 0.829092
0.238149 0.833856
0.239985 0.838621
0.241681 0.843385
0.243307 0.848149
0.245038 0.852914
0.246749 0.857678
0.248455 0.862442
0.250229 0.867207
0.252001 0.871971
0.253933 0.876735
0.255709 0.881499
0.257545 0.886264
0.259206 0.891028
0.261055 0.895792
0.262854 0.900557
0.264698 0.905321
0.266449 0.910085
0.268274 0.914850
0.270092 0.919614
0.271932 0.924378
0.273780 0.929143
0.275637 0.933907
0.277557 0.938671
0.279124 0.943436
0.280097 0.948200
0.288675 1.000000
