# Trapping events (aligned with end1, detected with com)
# t_start(s), t_end(s), duration(s), x_mean(mm), worm_id
0.0, 320.0, 320.0, 43.76, 241121_2_worm_1
322.0, 324.0, 2.0, 40.21, 241121_2_worm_1
1384.0, 1710.0, 326.0, 43.71, 241121_2_worm_1
2808.0, 2810.0, 2.0, 40.04, 241121_2_worm_1
2814.0, 3270.0, 456.0, 43.50, 241121_2_worm_1
834.0, 888.0, 54.0, 41.09, 241121_2_worm_2
910.0, 986.0, 76.0, 43.89, 241121_2_worm_2
1020.0, 1088.0, 68.0, 42.97, 241121_2_worm_2
1090.0, 1116.0, 26.0, 41.02, 241121_2_worm_2
1220.0, 1224.0, 4.0, 40.37, 241121_2_worm_2
1226.0, 1324.0, 98.0, 42.55, 241121_2_worm_2
1328.0, 1406.0, 78.0, 43.41, 241121_2_worm_2
1446.0, 1566.0, 120.0, 42.99, 241121_2_worm_2
1568.0, 1572.0, 4.0, 40.55, 241121_2_worm_2
1600.0, 1702.0, 102.0, 43.30, 241121_2_worm_2
1806.0, 1812.0, 6.0, 40.88, 241121_2_worm_2
1818.0, 2150.0, 332.0, 43.31, 241121_2_worm_2
2256.0, 2258.0, 2.0, 40.08, 241121_2_worm_2
2446.0, 2594.0, 148.0, 42.64, 241121_2_worm_2
2596.0, 2638.0, 42.0, 42.82, 241121_2_worm_2
2648.0, 2650.0, 2.0, 40.11, 241121_2_worm_2
2664.0, 2666.0, 2.0, 40.15, 241121_2_worm_2
2672.0, 2674.0, 2.0, 41.17, 241121_2_worm_2
2676.0, 2678.0, 2.0, 40.04, 241121_2_worm_2
2796.0, 2800.0, 4.0, 40.18, 241121_2_worm_2
2802.0, 3286.0, 484.0, 43.48, 241121_2_worm_2
3534.0, 3596.0, 62.0, 41.94, 241121_2_worm_2
0.0, 1040.0, 1040.0, 42.96, 241121_2_worm_3
1050.0, 1052.0, 2.0, 40.04, 241121_2_worm_3
1054.0, 1062.0, 8.0, 40.31, 241121_2_worm_3
1356.0, 1366.0, 10.0, 40.62, 241121_2_worm_3
1372.0, 1456.0, 84.0, 41.52, 241121_2_worm_3
1458.0, 1506.0, 48.0, 41.21, 241121_2_worm_3
1508.0, 1526.0, 18.0, 40.73, 241121_2_worm_3
1528.0, 1960.0, 432.0, 43.21, 241121_2_worm_3
1962.0, 1992.0, 30.0, 41.90, 241121_2_worm_3
2000.0, 2006.0, 6.0, 40.71, 241121_2_worm_3
2008.0, 2010.0, 2.0, 41.13, 241121_2_worm_3
2014.0, 2016.0, 2.0, 40.52, 241121_2_worm_3
2386.0, 2388.0, 2.0, 40.08, 241121_2_worm_3
2390.0, 2418.0, 28.0, 41.73, 241121_2_worm_3
2420.0, 2506.0, 86.0, 43.14, 241121_2_worm_3
2508.0, 2518.0, 10.0, 41.15, 241121_2_worm_3
2530.0, 2780.0, 250.0, 43.17, 241121_2_worm_3
996.0, 1218.0, 222.0, 42.95, 241121_2_worm_4
1222.0, 1226.0, 4.0, 40.91, 241121_2_worm_4
1228.0, 1234.0, 6.0, 40.55, 241121_2_worm_4
1318.0, 1408.0, 90.0, 43.15, 241121_2_worm_4
1420.0, 1432.0, 12.0, 40.82, 241121_2_worm_4
1438.0, 1698.0, 260.0, 43.46, 241121_2_worm_4
0.0, 944.0, 944.0, 43.83, 241121_2_worm_5
970.0, 3596.0, 2626.0, 43.86, 241121_2_worm_5
0.0, 596.0, 596.0, 43.04, 241121_2_worm_6
612.0, 874.0, 262.0, 43.07, 241121_2_worm_6
876.0, 904.0, 28.0, 41.34, 241121_2_worm_6
928.0, 1136.0, 208.0, 43.26, 241121_2_worm_6
1152.0, 3188.0, 2036.0, 43.56, 241121_2_worm_6
3190.0, 3596.0, 406.0, 43.41, 241121_2_worm_6
0.0, 2084.0, 2084.0, 43.65, 241122_1_5worms_worm_1
2098.0, 2112.0, 14.0, 41.17, 241122_1_5worms_worm_1
2114.0, 2116.0, 2.0, 40.15, 241122_1_5worms_worm_1
2120.0, 2122.0, 2.0, 40.32, 241122_1_5worms_worm_1
3100.0, 3278.0, 178.0, 43.13, 241122_1_5worms_worm_1
0.0, 736.0, 736.0, 43.02, 241122_1_5worms_worm_2
738.0, 748.0, 10.0, 40.51, 241122_1_5worms_worm_2
750.0, 3596.0, 2846.0, 43.68, 241122_1_5worms_worm_2
0.0, 36.0, 36.0, 42.21, 241122_1_5worms_worm_3
1562.0, 1578.0, 16.0, 40.58, 241122_1_5worms_worm_3
1580.0, 1608.0, 28.0, 41.49, 241122_1_5worms_worm_3
2482.0, 2484.0, 2.0, 40.04, 241122_1_5worms_worm_3
2486.0, 2488.0, 2.0, 40.21, 241122_1_5worms_worm_3
2744.0, 2746.0, 2.0, 40.52, 241122_1_5worms_worm_3
2748.0, 2814.0, 66.0, 42.45, 241122_1_5worms_worm_3
2818.0, 3348.0, 530.0, 42.99, 241122_1_5worms_worm_3
3352.0, 3356.0, 4.0, 40.57, 241122_1_5worms_worm_3
3556.0, 3558.0, 2.0, 40.04, 241122_1_5worms_worm_3
3572.0, 3596.0, 24.0, 41.35, 241122_1_5worms_worm_3
0.0, 656.0, 656.0, 43.68, 241122_1_5worms_worm_4
660.0, 664.0, 4.0, 40.04, 241122_1_5worms_worm_4
726.0, 790.0, 64.0, 41.46, 241122_1_5worms_worm_4
792.0, 812.0, 20.0, 41.41, 241122_1_5worms_worm_4
816.0, 994.0, 178.0, 42.60, 241122_1_5worms_worm_4
1050.0, 1052.0, 2.0, 40.42, 241122_1_5worms_worm_4
1068.0, 1074.0, 6.0, 40.23, 241122_1_5worms_worm_4
1080.0, 1106.0, 26.0, 40.71, 241122_1_5worms_worm_4
1108.0, 1110.0, 2.0, 40.38, 241122_1_5worms_worm_4
1114.0, 1118.0, 4.0, 40.33, 241122_1_5worms_worm_4
1270.0, 1278.0, 8.0, 41.08, 241122_1_5worms_worm_4
1288.0, 1290.0, 2.0, 40.76, 241122_1_5worms_worm_4
1296.0, 1318.0, 22.0, 40.95, 241122_1_5worms_worm_4
1320.0, 1324.0, 4.0, 40.38, 241122_1_5worms_worm_4
1326.0, 1330.0, 4.0, 40.37, 241122_1_5worms_worm_4
1334.0, 1360.0, 26.0, 40.48, 241122_1_5worms_worm_4
1362.0, 1364.0, 2.0, 40.11, 241122_1_5worms_worm_4
1378.0, 1380.0, 2.0, 40.04, 241122_1_5worms_worm_4
1382.0, 1394.0, 12.0, 40.46, 241122_1_5worms_worm_4
1396.0, 1402.0, 6.0, 40.34, 241122_1_5worms_worm_4
1408.0, 1410.0, 2.0, 40.04, 241122_1_5worms_worm_4
1450.0, 1462.0, 12.0, 40.34, 241122_1_5worms_worm_4
1466.0, 1468.0, 2.0, 40.11, 241122_1_5worms_worm_4
1480.0, 1944.0, 464.0, 43.34, 241122_1_5worms_worm_4
1946.0, 1948.0, 2.0, 40.08, 241122_1_5worms_worm_4
1950.0, 1952.0, 2.0, 40.49, 241122_1_5worms_worm_4
1954.0, 1994.0, 40.0, 40.78, 241122_1_5worms_worm_4
1998.0, 2022.0, 24.0, 41.03, 241122_1_5worms_worm_4
2104.0, 2106.0, 2.0, 40.21, 241122_1_5worms_worm_4
2130.0, 2134.0, 4.0, 40.74, 241122_1_5worms_worm_4
2144.0, 2150.0, 6.0, 40.33, 241122_1_5worms_worm_4
2158.0, 2168.0, 10.0, 40.83, 241122_1_5worms_worm_4
2174.0, 2246.0, 72.0, 41.01, 241122_1_5worms_worm_4
2248.0, 2266.0, 18.0, 40.82, 241122_1_5worms_worm_4
2270.0, 2272.0, 2.0, 40.28, 241122_1_5worms_worm_4
2274.0, 2576.0, 302.0, 42.81, 241122_1_5worms_worm_4
2578.0, 2586.0, 8.0, 41.09, 241122_1_5worms_worm_4
2592.0, 2704.0, 112.0, 41.45, 241122_1_5worms_worm_4
2716.0, 2718.0, 2.0, 40.11, 241122_1_5worms_worm_4
2728.0, 2760.0, 32.0, 41.27, 241122_1_5worms_worm_4
2762.0, 2782.0, 20.0, 41.85, 241122_1_5worms_worm_4
2836.0, 2838.0, 2.0, 40.01, 241122_1_5worms_worm_4
2848.0, 2932.0, 84.0, 42.80, 241122_1_5worms_worm_4
2982.0, 2984.0, 2.0, 40.86, 241122_1_5worms_worm_4
0.0, 1126.0, 1126.0, 43.48, 241122_1_5worms_worm_5
1132.0, 1140.0, 8.0, 40.09, 241122_1_5worms_worm_5
1152.0, 1154.0, 2.0, 40.35, 241122_1_5worms_worm_5
1156.0, 1160.0, 4.0, 40.40, 241122_1_5worms_worm_5
1222.0, 1230.0, 8.0, 40.65, 241122_1_5worms_worm_5
1232.0, 1248.0, 16.0, 40.76, 241122_1_5worms_worm_5
1250.0, 1254.0, 4.0, 40.03, 241122_1_5worms_worm_5
1256.0, 1258.0, 2.0, 40.11, 241122_1_5worms_worm_5
1260.0, 1266.0, 6.0, 40.49, 241122_1_5worms_worm_5
1268.0, 2100.0, 832.0, 43.62, 241122_1_5worms_worm_5
2104.0, 2312.0, 208.0, 43.27, 241122_1_5worms_worm_5
2318.0, 2322.0, 4.0, 40.30, 241122_1_5worms_worm_5
2328.0, 2330.0, 2.0, 40.04, 241122_1_5worms_worm_5
2332.0, 2342.0, 10.0, 40.88, 241122_1_5worms_worm_5
2354.0, 2388.0, 34.0, 42.40, 241122_1_5worms_worm_5
2830.0, 2986.0, 156.0, 42.95, 241122_1_5worms_worm_5
3312.0, 3316.0, 4.0, 40.25, 241122_1_5worms_worm_5
3318.0, 3596.0, 278.0, 43.50, 241122_1_5worms_worm_5
0.0, 924.0, 924.0, 44.09, 241122_1_5worms_worm_6
930.0, 932.0, 2.0, 41.23, 241122_1_5worms_worm_6
1656.0, 2028.0, 372.0, 43.59, 241122_1_5worms_worm_6
3066.0, 3178.0, 112.0, 42.98, 241122_1_5worms_worm_6
3182.0, 3184.0, 2.0, 40.13, 241122_1_5worms_worm_6
3104.0, 3236.0, 132.0, 43.55, 241122_2_worm_1
3238.0, 3262.0, 24.0, 41.57, 241122_2_worm_1
0.0, 14.0, 14.0, 42.49, 241122_2_worm_2
40.0, 270.0, 230.0, 44.06, 241122_2_worm_2
278.0, 294.0, 16.0, 41.50, 241122_2_worm_2
298.0, 300.0, 2.0, 40.55, 241122_2_worm_2
0.0, 8.0, 8.0, 40.79, 241122_2_worm_3
144.0, 146.0, 2.0, 40.15, 241122_2_worm_3
150.0, 152.0, 2.0, 40.72, 241122_2_worm_3
154.0, 158.0, 4.0, 40.18, 241122_2_worm_3
332.0, 334.0, 2.0, 40.18, 241122_2_worm_3
338.0, 340.0, 2.0, 41.51, 241122_2_worm_3
376.0, 410.0, 34.0, 42.56, 241122_2_worm_3
1530.0, 1664.0, 134.0, 43.32, 241122_2_worm_3
1666.0, 1670.0, 4.0, 40.37, 241122_2_worm_3
1690.0, 1754.0, 64.0, 43.70, 241122_2_worm_3
1756.0, 1764.0, 8.0, 42.78, 241122_2_worm_3
1766.0, 1768.0, 2.0, 40.49, 241122_2_worm_3
2924.0, 2954.0, 30.0, 41.39, 241122_2_worm_3
2964.0, 2972.0, 8.0, 41.60, 241122_2_worm_3
2976.0, 3018.0, 42.0, 43.42, 241122_2_worm_3
3052.0, 3084.0, 32.0, 42.82, 241122_2_worm_3
3086.0, 3088.0, 2.0, 40.38, 241122_2_worm_3
3094.0, 3098.0, 4.0, 41.34, 241122_2_worm_3
3100.0, 3162.0, 62.0, 44.83, 241122_2_worm_3
3242.0, 3300.0, 58.0, 43.22, 241122_2_worm_3
0.0, 38.0, 38.0, 43.00, 241122_2_worm_4
40.0, 42.0, 2.0, 40.09, 241122_2_worm_4
140.0, 668.0, 528.0, 43.41, 241122_2_worm_4
726.0, 736.0, 10.0, 40.21, 241122_2_worm_4
740.0, 742.0, 2.0, 40.49, 241122_2_worm_4
744.0, 746.0, 2.0, 41.27, 241122_2_worm_4
748.0, 3596.0, 2848.0, 43.83, 241122_2_worm_4
0.0, 80.0, 80.0, 44.27, 241122_2_worm_5
2990.0, 3150.0, 160.0, 43.30, 241122_2_worm_5
0.0, 694.0, 694.0, 43.33, 241122_2_worm_6
700.0, 1220.0, 520.0, 43.33, 241122_2_worm_6
2284.0, 2486.0, 202.0, 43.05, 241122_2_worm_6
0.0, 484.0, 484.0, 43.49, 241127_1_worm_1
836.0, 902.0, 66.0, 43.79, 241127_1_worm_1
904.0, 908.0, 4.0, 40.38, 241127_1_worm_1
914.0, 930.0, 16.0, 41.55, 241127_1_worm_1
932.0, 938.0, 6.0, 40.83, 241127_1_worm_1
948.0, 974.0, 26.0, 41.10, 241127_1_worm_1
976.0, 982.0, 6.0, 40.27, 241127_1_worm_1
1006.0, 1008.0, 2.0, 40.15, 241127_1_worm_1
0.0, 106.0, 106.0, 43.70, 241127_1_worm_2
110.0, 364.0, 254.0, 44.14, 241127_1_worm_2
366.0, 1390.0, 1024.0, 42.98, 241127_1_worm_2
1394.0, 1406.0, 12.0, 40.34, 241127_1_worm_2
1408.0, 1416.0, 8.0, 40.14, 241127_1_worm_2
1418.0, 1434.0, 16.0, 40.43, 241127_1_worm_2
1438.0, 1440.0, 2.0, 40.01, 241127_1_worm_2
1456.0, 1458.0, 2.0, 40.01, 241127_1_worm_2
1484.0, 1490.0, 6.0, 40.01, 241127_1_worm_2
1498.0, 1548.0, 50.0, 40.19, 241127_1_worm_2
1590.0, 1884.0, 294.0, 42.13, 241127_1_worm_2
1886.0, 2108.0, 222.0, 42.30, 241127_1_worm_2
2192.0, 2684.0, 492.0, 43.41, 241127_1_worm_2
2688.0, 2690.0, 2.0, 40.66, 241127_1_worm_2
0.0, 132.0, 132.0, 43.56, 241127_1_worm_3
142.0, 144.0, 2.0, 40.08, 241127_1_worm_3
164.0, 236.0, 72.0, 43.01, 241127_1_worm_3
238.0, 364.0, 126.0, 43.23, 241127_1_worm_3
366.0, 436.0, 70.0, 44.43, 241127_1_worm_3
440.0, 442.0, 2.0, 40.76, 241127_1_worm_3
466.0, 524.0, 58.0, 42.68, 241127_1_worm_3
526.0, 530.0, 4.0, 40.23, 241127_1_worm_3
532.0, 542.0, 10.0, 40.48, 241127_1_worm_3
546.0, 550.0, 4.0, 41.01, 241127_1_worm_3
554.0, 556.0, 2.0, 40.28, 241127_1_worm_3
602.0, 788.0, 186.0, 43.71, 241127_1_worm_3
792.0, 916.0, 124.0, 42.60, 241127_1_worm_3
952.0, 1304.0, 352.0, 43.75, 241127_1_worm_3
1306.0, 1316.0, 10.0, 40.59, 241127_1_worm_3
1318.0, 1540.0, 222.0, 43.34, 241127_1_worm_3
1552.0, 1554.0, 2.0, 40.01, 241127_1_worm_3
1556.0, 2032.0, 476.0, 43.64, 241127_1_worm_3
2034.0, 2524.0, 490.0, 43.84, 241127_1_worm_3
2526.0, 2528.0, 2.0, 40.93, 241127_1_worm_3
2530.0, 2534.0, 4.0, 40.66, 241127_1_worm_3
2538.0, 2548.0, 10.0, 40.41, 241127_1_worm_3
2624.0, 2678.0, 54.0, 42.97, 241127_1_worm_3
2866.0, 2930.0, 64.0, 42.75, 241127_1_worm_3
2968.0, 2970.0, 2.0, 40.50, 241127_1_worm_3
2988.0, 3346.0, 358.0, 43.29, 241127_1_worm_3
3348.0, 3368.0, 20.0, 41.17, 241127_1_worm_3
3392.0, 3410.0, 18.0, 40.77, 241127_1_worm_3
3432.0, 3596.0, 164.0, 43.22, 241127_1_worm_3
0.0, 3112.0, 3112.0, 43.91, 241127_1_worm_4
3116.0, 3118.0, 2.0, 40.18, 241127_1_worm_4
3120.0, 3122.0, 2.0, 40.32, 241127_1_worm_4
3130.0, 3540.0, 410.0, 43.36, 241127_1_worm_4
3544.0, 3546.0, 2.0, 40.49, 241127_1_worm_4
3548.0, 3596.0, 48.0, 43.43, 241127_1_worm_4
0.0, 1856.0, 1856.0, 43.55, 241127_1_worm_5
1906.0, 1908.0, 2.0, 40.08, 241127_1_worm_5
1928.0, 1930.0, 2.0, 40.21, 241127_1_worm_5
1932.0, 1938.0, 6.0, 40.25, 241127_1_worm_5
1940.0, 1942.0, 2.0, 40.15, 241127_1_worm_5
1946.0, 1948.0, 2.0, 40.11, 241127_1_worm_5
2072.0, 2110.0, 38.0, 40.27, 241127_1_worm_5
2112.0, 2114.0, 2.0, 40.18, 241127_1_worm_5
2120.0, 2124.0, 4.0, 40.06, 241127_1_worm_5
2128.0, 3596.0, 1468.0, 43.60, 241127_1_worm_5
0.0, 1348.0, 1348.0, 43.67, 241127_1_worm_6
1834.0, 1840.0, 6.0, 40.17, 241127_1_worm_6
1846.0, 1856.0, 10.0, 40.30, 241127_1_worm_6
1860.0, 1870.0, 10.0, 40.63, 241127_1_worm_6
1874.0, 2074.0, 200.0, 43.57, 241127_1_worm_6
2978.0, 2992.0, 14.0, 40.95, 241127_1_worm_6
2994.0, 2996.0, 2.0, 40.52, 241127_1_worm_6
2998.0, 3240.0, 242.0, 43.91, 241127_1_worm_6
3342.0, 3344.0, 2.0, 40.04, 241127_1_worm_6
3350.0, 3596.0, 246.0, 43.37, 241127_1_worm_6
1088.0, 1182.0, 94.0, 42.58, 241127_2_5worms_worm_1
1714.0, 1958.0, 244.0, 43.32, 241127_2_5worms_worm_1
2456.0, 2460.0, 4.0, 40.28, 241127_2_5worms_worm_1
2462.0, 2580.0, 118.0, 42.17, 241127_2_5worms_worm_1
3120.0, 3596.0, 476.0, 43.48, 241127_2_5worms_worm_1
694.0, 696.0, 2.0, 40.08, 241127_2_5worms_worm_2
698.0, 712.0, 14.0, 41.10, 241127_2_5worms_worm_2
714.0, 716.0, 2.0, 40.01, 241127_2_5worms_worm_2
720.0, 744.0, 24.0, 40.82, 241127_2_5worms_worm_2
750.0, 752.0, 2.0, 40.52, 241127_2_5worms_worm_2
754.0, 1900.0, 1146.0, 43.60, 241127_2_5worms_worm_2
2802.0, 2806.0, 4.0, 40.31, 241127_2_5worms_worm_2
2808.0, 3596.0, 788.0, 42.62, 241127_2_5worms_worm_2
0.0, 1536.0, 1536.0, 43.80, 241127_2_5worms_worm_3
1538.0, 1836.0, 298.0, 43.61, 241127_2_5worms_worm_3
1838.0, 1840.0, 2.0, 40.04, 241127_2_5worms_worm_3
1912.0, 2030.0, 118.0, 43.16, 241127_2_5worms_worm_3
2034.0, 2058.0, 24.0, 40.97, 241127_2_5worms_worm_3
2062.0, 2070.0, 8.0, 40.29, 241127_2_5worms_worm_3
2072.0, 2082.0, 10.0, 40.30, 241127_2_5worms_worm_3
2084.0, 2086.0, 2.0, 40.66, 241127_2_5worms_worm_3
2094.0, 2096.0, 2.0, 40.86, 241127_2_5worms_worm_3
2104.0, 2422.0, 318.0, 43.44, 241127_2_5worms_worm_3
2424.0, 2426.0, 2.0, 40.52, 241127_2_5worms_worm_3
2884.0, 2886.0, 2.0, 40.04, 241127_2_5worms_worm_3
2888.0, 2954.0, 66.0, 41.55, 241127_2_5worms_worm_3
2982.0, 2984.0, 2.0, 40.32, 241127_2_5worms_worm_3
2992.0, 3016.0, 24.0, 40.59, 241127_2_5worms_worm_3
3018.0, 3020.0, 2.0, 40.49, 241127_2_5worms_worm_3
3022.0, 3548.0, 526.0, 43.53, 241127_2_5worms_worm_3
3550.0, 3596.0, 46.0, 42.80, 241127_2_5worms_worm_3
88.0, 222.0, 134.0, 43.63, 241127_2_5worms_worm_4
228.0, 234.0, 6.0, 40.89, 241127_2_5worms_worm_4
268.0, 320.0, 52.0, 43.43, 241127_2_5worms_worm_4
322.0, 328.0, 6.0, 41.09, 241127_2_5worms_worm_4
332.0, 340.0, 8.0, 41.06, 241127_2_5worms_worm_4
342.0, 346.0, 4.0, 40.16, 241127_2_5worms_worm_4
348.0, 486.0, 138.0, 43.55, 241127_2_5worms_worm_4
730.0, 732.0, 2.0, 40.35, 241127_2_5worms_worm_4
734.0, 838.0, 104.0, 43.79, 241127_2_5worms_worm_4
1778.0, 2308.0, 530.0, 43.58, 241127_2_5worms_worm_4
2312.0, 2576.0, 264.0, 43.62, 241127_2_5worms_worm_4
2924.0, 3218.0, 294.0, 44.14, 241127_2_5worms_worm_4
3450.0, 3596.0, 146.0, 42.90, 241127_2_5worms_worm_4
0.0, 84.0, 84.0, 43.65, 241127_2_5worms_worm_5
98.0, 1290.0, 1192.0, 43.84, 241127_2_5worms_worm_5
1306.0, 2446.0, 1140.0, 43.79, 241127_2_5worms_worm_5
2454.0, 2458.0, 4.0, 40.45, 241127_2_5worms_worm_5
2462.0, 2496.0, 34.0, 41.61, 241127_2_5worms_worm_5
2498.0, 2524.0, 26.0, 41.39, 241127_2_5worms_worm_5
2526.0, 2528.0, 2.0, 40.35, 241127_2_5worms_worm_5
2532.0, 2538.0, 6.0, 40.72, 241127_2_5worms_worm_5
2544.0, 3596.0, 1052.0, 43.74, 241127_2_5worms_worm_5
