# MSD (ensemble-averaged) for Pe=0.3, T=0.2, k=0.5
# Column: MSD (mm²)
# Time factor: 1.0 s/frame
# Skipped frames: 100
0.00000000e+00
1.06379289e-01
3.73902132e-01
7.98580451e-01
1.37505892e+00
2.09653779e+00
2.95570058e+00
3.94476954e+00
5.05565120e+00
6.28052973e+00
7.61155389e+00
9.04100825e+00
1.05614963e+01
1.21659374e+01
1.38471938e+01
1.55983051e+01
1.74123331e+01
1.92822791e+01
2.12010600e+01
2.31617829e+01
2.51575324e+01
2.71817498e+01
2.92279958e+01
3.12904833e+01
3.33643053e+01
3.54451747e+01
3.75298080e+01
3.96156632e+01
4.17010055e+01
4.37847130e+01
4.58660282e+01
4.79449818e+01
5.00214905e+01
5.20955920e+01
5.41675260e+01
5.62373660e+01
5.83053630e+01
6.03715630e+01
6.24359068e+01
6.44984070e+01
6.65588355e+01
6.86170837e+01
7.06733536e+01
7.27276303e+01
7.47798448e+01
7.68300299e+01
7.88784084e+01
8.09249831e+01
8.29698049e+01
8.50130709e+01
8.70549489e+01
8.90956678e+01
9.11352064e+01
9.31736869e+01
9.52113010e+01
9.72480893e+01
9.92842567e+01
1.01319698e+02
1.03354313e+02
1.05388297e+02
1.07421715e+02
1.09454619e+02
1.11487056e+02
1.13518968e+02
1.15550523e+02
1.17581767e+02
1.19612848e+02
1.21643650e+02
1.23674133e+02
1.25704315e+02
1.27734216e+02
1.29763999e+02
1.31793645e+02
1.33823057e+02
1.35852479e+02
1.37882110e+02
1.39911755e+02
1.41941579e+02
1.43971327e+02
1.46001205e+02
1.48031295e+02
1.50061532e+02
1.52091940e+02
1.54122561e+02
1.56153458e+02
1.58184550e+02
1.60215972e+02
1.62247571e+02
1.64279219e+02
1.66311053e+02
1.68343006e+02
1.70375284e+02
1.72407739e+02
1.74440264e+02
1.76472853e+02
1.78505561e+02
1.80538131e+02
1.82570254e+02
1.84601735e+02
1.86632593e+02
1.88662637e+02
1.90691784e+02
1.92719822e+02
1.94746769e+02
1.96772834e+02
1.98797672e+02
2.00821447e+02
2.02844265e+02
2.04866113e+02
2.06887139e+02
2.08907431e+02
2.10927109e+02
2.12946009e+02
2.14964186e+02
2.16981520e+02
2.18998115e+02
2.21013927e+02
2.23028797e+02
2.25042654e+02
2.27055583e+02
2.29067584e+02
2.31078555e+02
2.33088528e+02
2.35097712e+02
2.37106103e+02
2.39113669e+02
2.41120429e+02
2.43126476e+02
2.45131810e+02
2.47136488e+02
2.49140397e+02
2.51143621e+02
2.53146054e+02
2.55147717e+02
2.57148675e+02
2.59148741e+02
2.61148076e+02
2.63146545e+02
2.65144126e+02
2.67140939e+02
2.69137106e+02
2.71132771e+02
2.73127833e+02
2.75122345e+02
2.77116140e+02
2.79109053e+02
2.81101395e+02
2.83093499e+02
2.85085291e+02
2.87076949e+02
2.89068456e+02
2.91059514e+02
2.93050424e+02
2.95041520e+02
2.97032818e+02
2.99024265e+02
3.01015681e+02
3.03007166e+02
3.04998814e+02
3.06990795e+02
3.08983160e+02
3.10976080e+02
3.12969718e+02
3.14963854e+02
3.16958778e+02
3.18954192e+02
3.20950012e+02
3.22945964e+02
3.24942072e+02
3.26938406e+02
3.28934807e+02
3.30931352e+02
3.32927882e+02
3.34924444e+02
3.36920774e+02
3.38916808e+02
3.40912563e+02
3.42907862e+02
3.44902674e+02
3.46896820e+02
3.48890155e+02
3.50882463e+02
3.52873925e+02
3.54864442e+02
3.56853996e+02
3.58842415e+02
3.60829665e+02
3.62815619e+02
3.64800484e+02
3.66784152e+02
3.68766802e+02
3.70748355e+02
3.72728924e+02
3.74708045e+02
3.76686287e+02
3.78662955e+02
3.80638689e+02
3.82613319e+02
3.84586809e+02
3.86558950e+02
3.88529640e+02
3.90499070e+02
3.92467187e+02
3.94434009e+02
3.96399616e+02
3.98363980e+02
4.00327087e+02
4.02289024e+02
4.04249683e+02
4.06209274e+02
4.08167374e+02
4.10124362e+02
4.12079955e+02
4.14034246e+02
4.15986728e+02
4.17937797e+02
4.19887792e+02
4.21836291e+02
4.23783332e+02
4.25729185e+02
4.27673973e+02
4.29617661e+02
4.31560181e+02
4.33501175e+02
4.35441029e+02
4.37379833e+02
4.39317677e+02
4.41254421e+02
4.43190499e+02
4.45125801e+02
4.47060356e+02
4.48994450e+02
4.50928077e+02
4.52860841e+02
4.54793196e+02
4.56725476e+02
4.58657422e+02
4.60589187e+02
4.62520856e+02
4.64452805e+02
4.66385077e+02
4.68317764e+02
4.70250967e+02
4.72184900e+02
4.74119362e+02
4.76054340e+02
4.77989924e+02
4.79926255e+02
4.81863322e+02
4.83801016e+02
4.85739537e+02
4.87678489e+02
4.89617652e+02
4.91557286e+02
4.93497311e+02
4.95437516e+02
4.97377730e+02
4.99317859e+02
5.01258100e+02
5.03198316e+02
5.05138296e+02
5.07078417e+02
5.09018606e+02
5.10958570e+02
5.12898368e+02
5.14838133e+02
5.16777680e+02
5.18717139e+02
5.20656686e+02
5.22596079e+02
5.24535412e+02
5.26474757e+02
5.28414201e+02
5.30354273e+02
5.32294818e+02
5.34235776e+02
5.36177179e+02
5.38119443e+02
5.40062830e+02
5.42007083e+02
5.43952276e+02
5.45898728e+02
5.47846097e+02
5.49794713e+02
5.51744083e+02
5.53694479e+02
5.55645641e+02
5.57597349e+02
5.59549589e+02
5.61502415e+02
5.63455615e+02
5.65409117e+02
5.67363224e+02
5.69317950e+02
5.71273075e+02
5.73228749e+02
5.75185007e+02
5.77141805e+02
5.79098915e+02
5.81056197e+02
5.83013711e+02
5.84971118e+02
5.86928632e+02
5.88885797e+02
5.90843120e+02
5.92800246e+02
5.94757229e+02
5.96713817e+02
5.98670072e+02
6.00625617e+02
6.02580922e+02
6.04535648e+02
6.06489872e+02
6.08443595e+02
6.10396429e+02
6.12348441e+02
6.14299512e+02
6.16249592e+02
6.18198449e+02
6.20146375e+02
6.22093074e+02
6.24038582e+02
6.25982736e+02
6.27925814e+02
6.29867754e+02
6.31808135e+02
6.33747458e+02
6.35685925e+02
6.37623014e+02
6.39559046e+02
6.41494049e+02
6.43428178e+02
6.45361606e+02
6.47294343e+02
6.49226613e+02
6.51158656e+02
6.53090101e+02
6.55021244e+02
6.56951971e+02
6.58882080e+02
6.60812181e+02
6.62742230e+02
6.64671942e+02
6.66601718e+02
6.68531642e+02
6.70461953e+02
6.72392803e+02
6.74324279e+02
6.76256159e+02
6.78188837e+02
6.80122229e+02
6.82056304e+02
6.83991159e+02
6.85926556e+02
6.87862918e+02
6.89799968e+02
6.91737723e+02
6.93676490e+02
6.95616222e+02
6.97556669e+02
6.99498034e+02
7.01440383e+02
7.03383628e+02
7.05327972e+02
7.07273195e+02
7.09219219e+02
7.11166064e+02
7.13113804e+02
7.15062520e+02
7.17012028e+02
7.18962121e+02
7.20912883e+02
7.22864316e+02
7.24816354e+02
7.26769156e+02
7.28722342e+02
7.30675854e+02
7.32629610e+02
7.34583351e+02
7.36536968e+02
7.38490577e+02
7.40443716e+02
7.42396636e+02
7.44348898e+02
7.46300216e+02
7.48250468e+02
7.50199837e+02
7.52148524e+02
7.54096479e+02
7.56043628e+02
7.57990406e+02
7.59936654e+02
7.61882367e+02
7.63827696e+02
7.65772292e+02
7.67716491e+02
7.69660443e+02
7.71603924e+02
7.73546916e+02
7.75489818e+02
7.77432311e+02
7.79374879e+02
7.81317607e+02
7.83260659e+02
7.85204222e+02
7.87148669e+02
7.89093684e+02
7.91039609e+02
7.92986422e+02
7.94934309e+02
7.96883453e+02
7.98833547e+02
8.00784800e+02
8.02736962e+02
8.04690155e+02
8.06644580e+02
8.08600175e+02
8.10556896e+02
8.12515210e+02
8.14474678e+02
8.16435640e+02
8.18397990e+02
8.20361160e+02
8.22325461e+02
8.24291130e+02
8.26257909e+02
8.28225652e+02
8.30194850e+02
8.32165241e+02
8.34136956e+02
8.36109537e+02
8.38082773e+02
8.40057091e+02
8.42032953e+02
8.44009796e+02
8.45987246e+02
8.47965584e+02
8.49944856e+02
8.51924689e+02
8.53905443e+02
8.55886917e+02
8.57868829e+02
8.59851543e+02
8.61835274e+02
8.63819685e+02
8.65804306e+02
8.67789467e+02
8.69775546e+02
8.71762197e+02
8.73749444e+02
8.75737497e+02
8.77725990e+02
8.79715109e+02
8.81705042e+02
8.83695544e+02
8.85686768e+02
8.87678892e+02
8.89671953e+02
8.91666115e+02
8.93661632e+02
8.95658309e+02
8.97656297e+02
8.99655974e+02
9.01657404e+02
9.03660484e+02
9.05665039e+02
9.07671286e+02
9.09679167e+02
9.11688859e+02
9.13700365e+02
9.15713645e+02
9.17728584e+02
9.19745351e+02
9.21763594e+02
9.23783363e+02
9.25804654e+02
9.27827689e+02
9.29852037e+02
9.31877966e+02
9.33905226e+02
9.35933459e+02
9.37962749e+02
9.39992680e+02
9.42023158e+02
9.44054276e+02
9.46086010e+02
9.48118369e+02
9.50151038e+02
9.52184326e+02
9.54217949e+02
9.56252307e+02
9.58286882e+02
9.60321988e+02
9.62357554e+02
9.64393539e+02
9.66429961e+02
9.68467024e+02
9.70503686e+02
9.72539956e+02
9.74575987e+02
9.76611944e+02
9.78647523e+02
9.80683362e+02
9.82719138e+02
9.84754481e+02
9.86790188e+02
9.88826094e+02
9.90861407e+02
9.92896615e+02
9.94931849e+02
9.96966668e+02
9.99000941e+02
1.00103491e+03
1.00306794e+03
1.00510034e+03
1.00713223e+03
1.00916395e+03
1.01119573e+03
1.01322781e+03
1.01525974e+03
1.01729178e+03
1.01932439e+03
1.02135727e+03
1.02339034e+03
1.02542380e+03
1.02745778e+03
1.02949241e+03
1.03152763e+03
1.03356312e+03
1.03559952e+03
1.03763705e+03
1.03967586e+03
1.04171614e+03
1.04375788e+03
1.04580112e+03
1.04784605e+03
1.04989262e+03
1.05194127e+03
1.05399214e+03
1.05604492e+03
1.05810014e+03
1.06015752e+03
1.06221695e+03
1.06427835e+03
1.06634153e+03
1.06840650e+03
1.07047264e+03
1.07254057e+03
1.07460999e+03
1.07668140e+03
1.07875436e+03
1.08082836e+03
1.08290324e+03
1.08497946e+03
1.08705662e+03
1.08913468e+03
1.09121375e+03
1.09329344e+03
1.09537354e+03
1.09745393e+03
1.09953430e+03
1.10161522e+03
1.10369552e+03
1.10577560e+03
1.10785568e+03
1.10993595e+03
1.11201583e+03
1.11409550e+03
1.11617497e+03
1.11825439e+03
1.12033368e+03
1.12241303e+03
1.12449248e+03
1.12657199e+03
1.12865139e+03
1.13073111e+03
1.13281088e+03
1.13489091e+03
1.13697136e+03
1.13905182e+03
1.14113272e+03
1.14321377e+03
1.14529531e+03
1.14737671e+03
1.14945863e+03
1.15154079e+03
1.15362287e+03
1.15570547e+03
1.15778819e+03
1.15987146e+03
1.16195456e+03
1.16403733e+03
1.16612029e+03
1.16820326e+03
1.17028559e+03
1.17236752e+03
1.17444895e+03
1.17652967e+03
1.17860948e+03
1.18068821e+03
1.18276610e+03
1.18484266e+03
1.18691804e+03
1.18899226e+03
1.19106503e+03
1.19313589e+03
1.19520522e+03
1.19727278e+03
1.19933914e+03
1.20140388e+03
1.20346672e+03
1.20552774e+03
1.20758706e+03
1.20964481e+03
1.21170086e+03
1.21375514e+03
1.21580794e+03
1.21785931e+03
1.21990976e+03
1.22195892e+03
1.22400717e+03
1.22605405e+03
1.22810004e+03
1.23014555e+03
1.23219039e+03
1.23423449e+03
1.23627806e+03
1.23832104e+03
1.24036378e+03
1.24240635e+03
1.24444813e+03
1.24648976e+03
1.24853089e+03
1.25057152e+03
1.25261133e+03
1.25465106e+03
1.25669052e+03
1.25872920e+03
1.26076643e+03
1.26280264e+03
1.26483753e+03
1.26687130e+03
1.26890404e+03
1.27093566e+03
1.27296586e+03
1.27499498e+03
1.27702307e+03
1.27905072e+03
1.28107734e+03
1.28310269e+03
1.28512705e+03
1.28715030e+03
1.28917233e+03
1.29119297e+03
1.29321235e+03
1.29523002e+03
1.29724712e+03
1.29926314e+03
1.30127774e+03
1.30329167e+03
1.30530409e+03
1.30731579e+03
1.30932698e+03
1.31133825e+03
1.31334898e+03
1.31535927e+03
1.31736905e+03
1.31937794e+03
1.32138637e+03
1.32339418e+03
1.32540191e+03
1.32740932e+03
1.32941649e+03
1.33142358e+03
1.33343027e+03
1.33543695e+03
1.33744375e+03
1.33945018e+03
1.34145649e+03
1.34346290e+03
1.34546942e+03
1.34747568e+03
1.34948253e+03
1.35148947e+03
1.35349672e+03
1.35550466e+03
1.35751268e+03
1.35952068e+03
1.36152845e+03
1.36353592e+03
1.36554374e+03
1.36755104e+03
1.36955802e+03
1.37156411e+03
1.37356978e+03
1.37557517e+03
1.37758004e+03
1.37958464e+03
1.38158832e+03
1.38359168e+03
1.38559441e+03
1.38759634e+03
1.38959781e+03
1.39159852e+03
1.39359866e+03
1.39559771e+03
1.39759590e+03
1.39959313e+03
1.40158968e+03
1.40358556e+03
1.40558036e+03
1.40757393e+03
1.40956605e+03
1.41155663e+03
1.41354649e+03
1.41553559e+03
1.41752426e+03
1.41951246e+03
1.42149952e+03
1.42348619e+03
1.42547243e+03
1.42745806e+03
1.42944320e+03
1.43142795e+03
1.43341245e+03
1.43539618e+03
1.43737947e+03
1.43936260e+03
1.44134623e+03
1.44333005e+03
1.44531381e+03
1.44729746e+03
1.44928056e+03
1.45126298e+03
1.45324550e+03
1.45522801e+03
1.45721065e+03
1.45919347e+03
1.46117609e+03
1.46315846e+03
1.46514092e+03
1.46712366e+03
1.46910632e+03
1.47108897e+03
1.47307101e+03
1.47505253e+03
1.47703374e+03
1.47901491e+03
1.48099527e+03
1.48297535e+03
1.48495502e+03
1.48693445e+03
1.48891392e+03
1.49089309e+03
1.49287310e+03
1.49485372e+03
1.49683511e+03
1.49881722e+03
1.50080015e+03
1.50278408e+03
1.50476921e+03
1.50675565e+03
1.50874357e+03
1.51073324e+03
1.51272388e+03
1.51471565e+03
1.51670912e+03
1.51870366e+03
1.52069966e+03
1.52269736e+03
1.52469644e+03
1.52669692e+03
1.52869893e+03
1.53070222e+03
1.53270603e+03
1.53471105e+03
1.53671625e+03
1.53872199e+03
1.54072875e+03
1.54273498e+03
1.54474134e+03
1.54674715e+03
1.54875255e+03
1.55075791e+03
1.55276318e+03
1.55476780e+03
1.55677178e+03
1.55877512e+03
1.56077775e+03
1.56277986e+03
1.56478203e+03
1.56678400e+03
1.56878556e+03
1.57078715e+03
1.57278819e+03
1.57478887e+03
1.57678923e+03
1.57878892e+03
1.58078854e+03
1.58278789e+03
1.58478709e+03
1.58678686e+03
1.58878667e+03
1.59078662e+03
1.59278650e+03
1.59478693e+03
1.59678832e+03
1.59879068e+03
1.60079399e+03
1.60279767e+03
1.60480221e+03
1.60680692e+03
1.60881250e+03
1.61081891e+03
1.61282579e+03
1.61483307e+03
1.61684054e+03
1.61884886e+03
1.62085771e+03
1.62286655e+03
1.62487572e+03
1.62688502e+03
1.62889433e+03
1.63090400e+03
1.63291357e+03
1.63492328e+03
1.63693273e+03
1.63894193e+03
1.64095134e+03
1.64296188e+03
1.64497286e+03
1.64698470e+03
1.64899738e+03
1.65101057e+03
1.65302527e+03
1.65504124e+03
1.65705876e+03
1.65907698e+03
1.66109646e+03
1.66311702e+03
1.66513905e+03
1.66716214e+03
1.66918646e+03
1.67121177e+03
1.67323832e+03
1.67526621e+03
1.67729482e+03
1.67932440e+03
1.68135515e+03
1.68338689e+03
1.68541919e+03
1.68745251e+03
1.68948612e+03
1.69152013e+03
1.69355485e+03
1.69559015e+03
1.69762631e+03
1.69966311e+03
1.70169980e+03
1.70373689e+03
1.70577413e+03
1.70781165e+03
1.70984969e+03
1.71188768e+03
1.71392580e+03
1.71596335e+03
1.71800055e+03
1.72003774e+03
1.72207460e+03
1.72411049e+03
1.72614571e+03
1.72818068e+03
1.73021562e+03
1.73225005e+03
1.73428465e+03
1.73631901e+03
1.73835313e+03
1.74038690e+03
1.74242026e+03
1.74445353e+03
1.74648681e+03
1.74852005e+03
1.75055313e+03
1.75258535e+03
1.75461768e+03
1.75664957e+03
1.75868055e+03
1.76071001e+03
1.76273885e+03
1.76476723e+03
1.76679453e+03
1.76882094e+03
1.77084680e+03
1.77287213e+03
1.77489658e+03
1.77691998e+03
1.77894274e+03
1.78096432e+03
1.78298544e+03
1.78500589e+03
1.78702469e+03
1.78904201e+03
1.79105791e+03
1.79307233e+03
1.79508556e+03
1.79709732e+03
1.79910757e+03
1.80111635e+03
1.80312333e+03
1.80512887e+03
1.80713316e+03
1.80913675e+03
1.81113943e+03
1.81314126e+03
1.81514241e+03
1.81714225e+03
1.81914097e+03
1.82113835e+03
1.82313498e+03
1.82513066e+03
1.82712605e+03
1.82912112e+03
1.83111523e+03
1.83310894e+03
1.83510173e+03
1.83709418e+03
1.83908563e+03
1.84107665e+03
1.84306800e+03
1.84505935e+03
1.84704979e+03
1.84904013e+03
1.85102982e+03
1.85301874e+03
1.85500699e+03
1.85699450e+03
1.85898131e+03
1.86096742e+03
1.86295336e+03
1.86493947e+03
1.86692573e+03
1.86891201e+03
1.87089834e+03
1.87288468e+03
1.87487148e+03
1.87685928e+03
1.87884727e+03
1.88083592e+03
1.88282557e+03
1.88481630e+03
1.88680684e+03
1.88879805e+03
1.89078941e+03
1.89278111e+03
1.89477442e+03
1.89676793e+03
1.89876267e+03
1.90075814e+03
1.90275495e+03
1.90475289e+03
1.90675274e+03
1.90875470e+03
1.91075781e+03
1.91276286e+03
1.91476964e+03
1.91677888e+03
1.91879000e+03
1.92080238e+03
1.92281624e+03
1.92483112e+03
1.92684818e+03
1.92886713e+03
1.93088830e+03
1.93291182e+03
1.93493823e+03
1.93696789e+03
1.93900028e+03
1.94103493e+03
1.94307220e+03
1.94511177e+03
1.94715383e+03
1.94919798e+03
1.95124390e+03
1.95329201e+03
1.95534215e+03
1.95739428e+03
1.95944854e+03
1.96150484e+03
1.96356333e+03
1.96562358e+03
1.96768597e+03
1.96975027e+03
1.97181591e+03
1.97388306e+03
1.97595174e+03
1.97802237e+03
1.98009445e+03
1.98216782e+03
1.98424286e+03
1.98631897e+03
1.98839564e+03
1.99047315e+03
1.99255221e+03
1.99463160e+03
1.99671155e+03
1.99879187e+03
2.00087242e+03
2.00295340e+03
2.00503448e+03
2.00711566e+03
2.00919641e+03
2.01127688e+03
2.01335730e+03
2.01543763e+03
2.01751778e+03
2.01959761e+03
2.02167743e+03
2.02375675e+03
2.02583462e+03
2.02791073e+03
2.02998599e+03
2.03206027e+03
2.03413332e+03
2.03620469e+03
2.03827550e+03
2.04034532e+03
2.04241385e+03
2.04448177e+03
2.04654853e+03
2.04861421e+03
2.05067917e+03
2.05274308e+03
2.05480559e+03
2.05686724e+03
2.05892706e+03
2.06098603e+03
2.06304452e+03
2.06510201e+03
2.06715894e+03
2.06921510e+03
2.07127010e+03
2.07332416e+03
2.07537708e+03
2.07742866e+03
2.07947974e+03
2.08153077e+03
2.08358146e+03
2.08563204e+03
2.08768208e+03
2.08973166e+03
2.09178060e+03
2.09382904e+03
2.09587667e+03
2.09792361e+03
2.09996930e+03
2.10201458e+03
2.10405967e+03
2.10610546e+03
2.10815180e+03
2.11019856e+03
2.11224528e+03
2.11429237e+03
2.11634036e+03
2.11838965e+03
2.12043986e+03
2.12249130e+03
2.12454385e+03
2.12659802e+03
2.12865390e+03
2.13071137e+03
2.13277055e+03
2.13483114e+03
2.13689284e+03
2.13895621e+03
2.14102041e+03
2.14308592e+03
2.14515295e+03
2.14722082e+03
2.14928882e+03
2.15135780e+03
2.15342691e+03
2.15549579e+03
2.15756351e+03
2.15963106e+03
2.16169752e+03
2.16376428e+03
2.16583030e+03
2.16789533e+03
2.16995990e+03
2.17202338e+03
2.17408595e+03
2.17614739e+03
2.17820787e+03
2.18026692e+03
2.18232494e+03
2.18438192e+03
2.18643788e+03
2.18849296e+03
2.19054703e+03
2.19260037e+03
2.19465339e+03
2.19670510e+03
2.19875514e+03
2.20080335e+03
2.20285018e+03
2.20489535e+03
2.20693922e+03
2.20898112e+03
2.21102138e+03
2.21305975e+03
2.21509623e+03
2.21713047e+03
2.21916224e+03
2.22119174e+03
2.22321845e+03
2.22524289e+03
2.22726513e+03
2.22928513e+03
2.23130283e+03
2.23331734e+03
2.23532956e+03
2.23733902e+03
2.23934625e+03
2.24135129e+03
2.24335440e+03
2.24535592e+03
2.24735617e+03
2.24935525e+03
2.25135425e+03
2.25335226e+03
2.25534981e+03
2.25734777e+03
2.25934567e+03
2.26134317e+03
2.26334097e+03
2.26533880e+03
2.26733679e+03
2.26933647e+03
2.27133700e+03
2.27333919e+03
2.27534335e+03
2.27734996e+03
2.27935914e+03
2.28137012e+03
2.28338288e+03
2.28539692e+03
2.28741304e+03
2.28943105e+03
2.29145060e+03
2.29347135e+03
2.29549316e+03
2.29751585e+03
2.29953949e+03
2.30156494e+03
2.30359203e+03
2.30562019e+03
2.30764859e+03
2.30967790e+03
2.31170800e+03
2.31373901e+03
2.31577008e+03
2.31780164e+03
2.31983293e+03
2.32186427e+03
2.32389608e+03
2.32592807e+03
2.32795902e+03
2.32999014e+03
2.33202049e+03
2.33405011e+03
2.33607871e+03
2.33810669e+03
2.34013403e+03
2.34216028e+03
2.34418549e+03
2.34620912e+03
2.34823161e+03
2.35025317e+03
2.35227406e+03
2.35429352e+03
2.35631190e+03
2.35832875e+03
2.36034456e+03
2.36235957e+03
2.36437311e+03
2.36638544e+03
2.36839610e+03
2.37040484e+03
2.37241149e+03
2.37441545e+03
2.37641829e+03
2.37841965e+03
2.38041902e+03
2.38241662e+03
2.38441221e+03
2.38640661e+03
2.38839949e+03
2.39039115e+03
2.39238025e+03
2.39436663e+03
2.39635144e+03
2.39833398e+03
2.40031478e+03
2.40229295e+03
2.40426929e+03
2.40624372e+03
2.40821645e+03
2.41018663e+03
2.41215586e+03
2.41412248e+03
2.41608709e+03
2.41804943e+03
2.42001093e+03
2.42197115e+03
2.42393032e+03
2.42588950e+03
2.42784797e+03
2.42980661e+03
2.43176579e+03
2.43372419e+03
2.43568291e+03
2.43764182e+03
2.43960209e+03
2.44156402e+03
2.44352647e+03
2.44548981e+03
2.44745407e+03
2.44941917e+03
2.45138542e+03
2.45335268e+03
2.45532105e+03
2.45729041e+03
2.45926053e+03
2.46123112e+03
2.46320248e+03
2.46517448e+03
2.46714708e+03
2.46911988e+03
2.47109318e+03
2.47306693e+03
2.47504132e+03
2.47701575e+03
2.47899037e+03
2.48096500e+03
2.48293938e+03
2.48491299e+03
2.48688539e+03
2.48885783e+03
2.49082944e+03
2.49279997e+03
2.49476976e+03
2.49673901e+03
2.49870679e+03
2.50067327e+03
2.50263841e+03
2.50460224e+03
2.50656488e+03
2.50852720e+03
2.51048927e+03
2.51245124e+03
2.51441273e+03
2.51637428e+03
2.51833456e+03
2.52029513e+03
2.52225641e+03
2.52421917e+03
2.52618194e+03
2.52814485e+03
2.53010760e+03
2.53207046e+03
2.53403328e+03
2.53599578e+03
2.53795882e+03
2.53992203e+03
2.54188556e+03
2.54384850e+03
2.54581086e+03
2.54777376e+03
2.54973650e+03
2.55169932e+03
2.55366251e+03
2.55562502e+03
2.55758780e+03
2.55954959e+03
2.56151145e+03
2.56347306e+03
2.56543422e+03
2.56739582e+03
2.56935695e+03
2.57131704e+03
2.57327706e+03
2.57523603e+03
2.57719484e+03
2.57915345e+03
2.58111276e+03
2.58307279e+03
2.58503304e+03
2.58699412e+03
2.58895656e+03
2.59092020e+03
2.59288582e+03
2.59485314e+03
2.59682193e+03
2.59879298e+03
2.60076613e+03
2.60274165e+03
2.60471962e+03
2.60669937e+03
2.60868104e+03
2.61066456e+03
2.61265031e+03
2.61463762e+03
2.61662606e+03
2.61861535e+03
2.62060607e+03
2.62259808e+03
2.62459152e+03
2.62658638e+03
2.62858196e+03
2.63057936e+03
2.63257748e+03
2.63457545e+03
2.63657344e+03
2.63857219e+03
2.64057053e+03
2.64256836e+03
2.64456516e+03
2.64656121e+03
2.64855612e+03
2.65054991e+03
2.65254144e+03
2.65453121e+03
2.65651975e+03
2.65850681e+03
2.66049227e+03
2.66247674e+03
2.66445925e+03
2.66644094e+03
2.66842162e+03
2.67040082e+03
2.67237904e+03
2.67435615e+03
2.67633286e+03
2.67830849e+03
2.68028319e+03
2.68225690e+03
2.68423013e+03
2.68620350e+03
2.68817621e+03
2.69014862e+03
2.69212114e+03
2.69409389e+03
2.69606746e+03
2.69804159e+03
2.70001675e+03
2.70199326e+03
2.70397118e+03
2.70595024e+03
2.70793108e+03
2.70991416e+03
2.71189942e+03
2.71388598e+03
2.71587447e+03
2.71786434e+03
2.71985550e+03
2.72184750e+03
2.72384009e+03
2.72583430e+03
2.72783009e+03
2.72982783e+03
2.73182721e+03
2.73382782e+03
2.73582909e+03
2.73783168e+03
2.73983540e+03
2.74184048e+03
2.74384628e+03
2.74585180e+03
2.74785773e+03
2.74986471e+03
2.75187304e+03
2.75388141e+03
2.75588996e+03
2.75789918e+03
2.75990985e+03
2.76192059e+03
2.76393292e+03
2.76594611e+03
2.76795959e+03
2.76997303e+03
2.77198655e+03
2.77400016e+03
2.77601262e+03
2.77802531e+03
2.78003749e+03
2.78204865e+03
2.78405834e+03
2.78606669e+03
2.78807387e+03
2.79007922e+03
2.79208387e+03
2.79408683e+03
2.79608811e+03
2.79808733e+03
2.80008434e+03
2.80208006e+03
2.80407385e+03
2.80606574e+03
2.80805523e+03
2.81004261e+03
2.81202798e+03
2.81401088e+03
2.81599151e+03
2.81796955e+03
2.81994501e+03
2.82191852e+03
2.82389129e+03
2.82586251e+03
2.82783254e+03
2.82980187e+03
2.83176987e+03
2.83373736e+03
2.83570482e+03
2.83767241e+03
2.83963899e+03
2.84160532e+03
2.84357124e+03
2.84553740e+03
2.84750347e+03
2.84946974e+03
2.85143617e+03
2.85340250e+03
2.85536858e+03
2.85733384e+03
2.85929894e+03
2.86126385e+03
2.86322768e+03
2.86519163e+03
2.86715606e+03
2.86911994e+03
2.87108441e+03
2.87304868e+03
2.87501245e+03
2.87697722e+03
2.87894106e+03
2.88090600e+03
2.88287070e+03
2.88483599e+03
2.88680174e+03
2.88876691e+03
2.89073252e+03
2.89269835e+03
2.89466395e+03
2.89662924e+03
2.89859449e+03
2.90055904e+03
2.90252325e+03
2.90448641e+03
2.90644842e+03
2.90840912e+03
2.91036901e+03
2.91232709e+03
2.91428407e+03
2.91623914e+03
2.91819327e+03
2.92014522e+03
2.92209540e+03
2.92404422e+03
2.92599064e+03
2.92793512e+03
2.92987764e+03
2.93181820e+03
2.93375780e+03
2.93569601e+03
2.93763309e+03
2.93956803e+03
2.94150186e+03
2.94343413e+03
2.94536552e+03
2.94729515e+03
2.94922323e+03
2.95115000e+03
2.95307453e+03
2.95499745e+03
2.95691919e+03
2.95884023e+03
2.96076067e+03
2.96268047e+03
2.96459989e+03
2.96651801e+03
2.96843498e+03
2.97035190e+03
2.97226839e+03
2.97418346e+03
2.97609791e+03
2.97801107e+03
2.97992388e+03
2.98183638e+03
2.98374754e+03
2.98565726e+03
2.98756755e+03
2.98947772e+03
2.99138767e+03
2.99329721e+03
2.99520681e+03
2.99711698e+03
2.99902793e+03
3.00093855e+03
3.00284946e+03
3.00476047e+03
3.00667158e+03
3.00858299e+03
3.01049433e+03
3.01240643e+03
3.01431824e+03
3.01622971e+03
3.01814044e+03
3.02005087e+03
3.02196015e+03
3.02386876e+03
3.02577714e+03
3.02768613e+03
3.02959482e+03
3.03150447e+03
3.03341470e+03
3.03532584e+03
3.03723692e+03
3.03914808e+03
3.04105985e+03
3.04297171e+03
3.04488409e+03
3.04679645e+03
3.04870906e+03
3.05062258e+03
3.05253707e+03
3.05445288e+03
3.05637038e+03
3.05828880e+03
3.06020766e+03
3.06212828e+03
3.06404952e+03
3.06597269e+03
3.06789757e+03
3.06982470e+03
3.07175419e+03
3.07368548e+03
3.07561864e+03
3.07755473e+03
3.07949289e+03
3.08143311e+03
3.08337538e+03
3.08531913e+03
3.08726409e+03
3.08921164e+03
3.09116079e+03
3.09311137e+03
3.09506406e+03
3.09701772e+03
3.09897362e+03
3.10093079e+03
3.10288953e+03
3.10485025e+03
3.10681268e+03
3.10877683e+03
3.11074328e+03
3.11271128e+03
3.11468081e+03
3.11665176e+03
3.11862444e+03
3.12059909e+03
3.12257598e+03
3.12455538e+03
3.12653697e+03
3.12852092e+03
3.13050704e+03
3.13249546e+03
3.13448511e+03
3.13647626e+03
3.13846891e+03
3.14046361e+03
3.14246066e+03
3.14445943e+03
3.14645943e+03
3.14846069e+03
3.15046383e+03
3.15246776e+03
3.15447300e+03
3.15647899e+03
3.15848609e+03
3.16049366e+03
3.16250257e+03
3.16451201e+03
3.16652233e+03
3.16853426e+03
3.17054765e+03
3.17256210e+03
3.17457789e+03
3.17659444e+03
3.17861247e+03
3.18063181e+03
3.18265222e+03
3.18467323e+03
3.18669560e+03
3.18871865e+03
3.19074213e+03
3.19276685e+03
3.19479277e+03
3.19682010e+03
3.19884936e+03
3.20087980e+03
3.20291148e+03
3.20494411e+03
3.20697749e+03
3.20901100e+03
3.21104473e+03
3.21307875e+03
3.21511335e+03
3.21714839e+03
3.21918344e+03
3.22121896e+03
3.22325476e+03
3.22529021e+03
3.22732458e+03
3.22935878e+03
3.23139315e+03
3.23342758e+03
3.23546271e+03
3.23749767e+03
3.23953250e+03
3.24156761e+03
3.24360281e+03
3.24563805e+03
3.24767276e+03
3.24970679e+03
3.25173997e+03
3.25377304e+03
3.25580555e+03
3.25783709e+03
3.25986666e+03
3.26189610e+03
3.26392459e+03
3.26595135e+03
3.26797626e+03
3.26999973e+03
3.27202189e+03
3.27404356e+03
3.27606380e+03
3.27808233e+03
3.28009903e+03
3.28211419e+03
3.28412698e+03
3.28613687e+03
3.28814442e+03
3.29014973e+03
3.29215300e+03
3.29415407e+03
3.29615368e+03
3.29815139e+03
3.30014749e+03
3.30214190e+03
3.30413512e+03
3.30612722e+03
3.30811769e+03
3.31010636e+03
3.31209376e+03
3.31408082e+03
3.31606762e+03
3.31805348e+03
3.32003930e+03
3.32202570e+03
3.32401184e+03
3.32599868e+03
3.32798633e+03
3.32997475e+03
3.33196353e+03
3.33395300e+03
3.33594324e+03
3.33793464e+03
3.33992715e+03
3.34191897e+03
3.34391086e+03
3.34590201e+03
3.34789312e+03
3.34988364e+03
3.35187419e+03
3.35386459e+03
3.35585467e+03
3.35784357e+03
3.35983199e+03
3.36181933e+03
3.36380612e+03
3.36579185e+03
3.36777666e+03
3.36976222e+03
3.37174691e+03
3.37373042e+03
3.37571268e+03
3.37769456e+03
3.37967603e+03
3.38165677e+03
3.38363700e+03
3.38561690e+03
3.38759640e+03
3.38957556e+03
3.39155465e+03
3.39353328e+03
3.39551154e+03
3.39748850e+03
3.39946354e+03
3.40143937e+03
3.40341424e+03
3.40538785e+03
3.40736134e+03
3.40933492e+03
3.41130713e+03
3.41327874e+03
3.41524996e+03
3.41721938e+03
3.41918710e+03
3.42115289e+03
3.42311659e+03
3.42507855e+03
3.42703869e+03
3.42899729e+03
3.43095506e+03
3.43291146e+03
3.43486662e+03
3.43682006e+03
3.43877099e+03
3.44072061e+03
3.44266854e+03
3.44461495e+03
3.44655945e+03
3.44850151e+03
3.45044139e+03
3.45237899e+03
3.45431318e+03
3.45624369e+03
3.45817161e+03
3.46009728e+03
3.46201961e+03
3.46393790e+03
3.46585227e+03
3.46776188e+03
3.46966740e+03
3.47156913e+03
3.47346683e+03
3.47536021e+03
3.47724948e+03
3.47913559e+03
3.48101823e+03
3.48289717e+03
3.48477348e+03
3.48664628e+03
3.48851530e+03
3.49038085e+03
3.49224244e+03
3.49410022e+03
3.49595438e+03
3.49780500e+03
3.49965262e+03
3.50149714e+03
3.50333926e+03
3.50517771e+03
3.50701355e+03
3.50884665e+03
3.51067712e+03
3.51250503e+03
3.51433166e+03
3.51615594e+03
3.51797846e+03
3.51979908e+03
3.52161778e+03
3.52343361e+03
3.52524753e+03
3.52705876e+03
3.52886724e+03
3.53067319e+03
3.53247685e+03
3.53427800e+03
3.53607649e+03
3.53787211e+03
3.53966569e+03
3.54145736e+03
3.54324766e+03
3.54503504e+03
3.54682062e+03
3.54860568e+03
3.55038879e+03
3.55217019e+03
3.55395077e+03
3.55573051e+03
3.55751001e+03
3.55928941e+03
3.56106818e+03
3.56284731e+03
3.56462632e+03
3.56640494e+03
3.56818468e+03
3.56996414e+03
3.57174402e+03
3.57352349e+03
3.57530402e+03
3.57708602e+03
3.57886810e+03
3.58064993e+03
3.58243170e+03
3.58421322e+03
3.58599477e+03
3.58777665e+03
3.58955821e+03
3.59133989e+03
3.59312191e+03
3.59490337e+03
3.59668580e+03
3.59846870e+03
3.60025156e+03
3.60203487e+03
3.60381766e+03
3.60560090e+03
3.60738418e+03
3.60916707e+03
3.61095012e+03
3.61273239e+03
3.61451358e+03
3.61629424e+03
3.61807430e+03
3.61985376e+03
3.62163286e+03
3.62341211e+03
3.62519122e+03
3.62697011e+03
3.62874986e+03
3.63053036e+03
3.63231086e+03
3.63409045e+03
3.63587055e+03
3.63765014e+03
3.63942974e+03
3.64120855e+03
3.64298658e+03
3.64476363e+03
3.64654115e+03
3.64831794e+03
3.65009473e+03
3.65187169e+03
3.65364841e+03
3.65542520e+03
3.65720251e+03
3.65897999e+03
3.66075750e+03
3.66253550e+03
3.66431372e+03
3.66609273e+03
3.66787224e+03
3.66965224e+03
3.67143279e+03
3.67321307e+03
3.67499383e+03
3.67677552e+03
3.67855844e+03
3.68034203e+03
3.68212543e+03
3.68390897e+03
3.68569253e+03
3.68747559e+03
3.68925826e+03
3.69104053e+03
3.69282177e+03
3.69460199e+03
3.69637995e+03
3.69815531e+03
3.69992850e+03
3.70170065e+03
3.70347238e+03
3.70524210e+03
3.70700987e+03
3.70877651e+03
3.71054130e+03
3.71230311e+03
3.71406159e+03
3.71581793e+03
3.71757152e+03
3.71932224e+03
3.72107000e+03
3.72281448e+03
3.72455599e+03
3.72629404e+03
3.72802846e+03
3.72975975e+03
3.73148701e+03
3.73321143e+03
3.73493147e+03
3.73664879e+03
3.73836375e+03
3.74007671e+03
3.74178785e+03
3.74349654e+03
3.74520327e+03
3.74690914e+03
3.74861405e+03
3.75031901e+03
3.75202414e+03
3.75372927e+03
3.75543516e+03
3.75714095e+03
3.75884714e+03
3.76055349e+03
3.76226047e+03
3.76396812e+03
3.76567644e+03
3.76738462e+03
3.76909330e+03
3.77080275e+03
3.77251158e+03
3.77421980e+03
3.77592761e+03
3.77763528e+03
3.77934304e+03
3.78105006e+03
3.78275637e+03
3.78446206e+03
3.78616778e+03
3.78787248e+03
3.78957619e+03
3.79128082e+03
3.79298392e+03
3.79468669e+03
3.79638967e+03
3.79809154e+03
3.79979296e+03
3.80149293e+03
3.80319179e+03
3.80488971e+03
3.80658561e+03
3.80827979e+03
3.80997174e+03
3.81166220e+03
3.81335074e+03
3.81503823e+03
3.81672321e+03
3.81840591e+03
3.82008735e+03
3.82176752e+03
3.82344672e+03
3.82512429e+03
3.82679880e+03
3.82847135e+03
3.83014238e+03
3.83181204e+03
3.83348001e+03
3.83514590e+03
3.83681144e+03
3.83847586e+03
3.84013933e+03
3.84180226e+03
3.84346324e+03
3.84512275e+03
3.84678170e+03
3.84843966e+03
3.85009609e+03
3.85175243e+03
3.85340778e+03
3.85506268e+03
3.85671635e+03
3.85836805e+03
3.86001892e+03
3.86166800e+03
3.86331534e+03
3.86496066e+03
3.86660286e+03
3.86824256e+03
3.86987960e+03
3.87151409e+03
3.87314580e+03
3.87477583e+03
3.87640382e+03
3.87803005e+03
3.87965533e+03
3.88127894e+03
3.88290000e+03
3.88452027e+03
3.88613832e+03
3.88775512e+03
3.88937121e+03
3.89098562e+03
3.89259918e+03
3.89421158e+03
3.89582439e+03
3.89743641e+03
3.89904714e+03
3.90065835e+03
3.90226981e+03
3.90388202e+03
3.90549360e+03
3.90710522e+03
3.90871677e+03
3.91032790e+03
3.91194029e+03
3.91355322e+03
3.91516701e+03
3.91678229e+03
3.91839899e+03
3.92001594e+03
3.92163275e+03
3.92325043e+03
3.92486903e+03
3.92648864e+03
3.92810868e+03
3.92972926e+03
3.93135145e+03
3.93297549e+03
3.93460114e+03
3.93622585e+03
3.93785173e+03
3.93948030e+03
3.94111138e+03
3.94274402e+03
3.94437954e+03
3.94601611e+03
3.94765416e+03
3.94929388e+03
3.95093544e+03
3.95257847e+03
3.95422243e+03
3.95586744e+03
3.95751356e+03
3.95915945e+03
3.96080465e+03
3.96245015e+03
3.96409546e+03
3.96574186e+03
3.96738857e+03
3.96903520e+03
3.97068269e+03
3.97233029e+03
3.97397642e+03
3.97562239e+03
3.97726702e+03
3.97891085e+03
3.98055314e+03
3.98219287e+03
3.98383123e+03
3.98546818e+03
3.98710244e+03
3.98873399e+03
3.99036272e+03
3.99198903e+03
3.99361126e+03
3.99522969e+03
3.99684450e+03
3.99845688e+03
4.00006714e+03
4.00167420e+03
4.00328033e+03
4.00488390e+03
4.00648612e+03
4.00808648e+03
4.00968451e+03
4.01128015e+03
4.01287355e+03
4.01446471e+03
4.01605359e+03
4.01763940e+03
4.01922382e+03
4.02080702e+03
4.02238863e+03
4.02396975e+03
4.02555095e+03
4.02713159e+03
4.02871183e+03
4.03029246e+03
4.03187515e+03
4.03345879e+03
4.03504219e+03
4.03662706e+03
4.03821341e+03
4.03980086e+03
4.04139029e+03
4.04298014e+03
4.04457197e+03
4.04616521e+03
4.04775976e+03
4.04935666e+03
4.05095660e+03
4.05255948e+03
4.05416554e+03
4.05577436e+03
4.05738672e+03
4.05900249e+03
4.06062183e+03
4.06224569e+03
4.06387317e+03
4.06550408e+03
4.06713914e+03
4.06877799e+03
4.07042136e+03
4.07206920e+03
4.07372139e+03
4.07537789e+03
4.07703788e+03
4.07870166e+03
4.08036957e+03
4.08204277e+03
4.08372103e+03
4.08540243e+03
4.08708786e+03
4.08877757e+03
4.09047228e+03
4.09217059e+03
4.09387187e+03
4.09557555e+03
4.09728261e+03
4.09899236e+03
4.10070408e+03
4.10241717e+03
4.10413259e+03
4.10585062e+03
4.10757085e+03
4.10929361e+03
4.11101876e+03
4.11274612e+03
4.11447460e+03
4.11620498e+03
4.11793614e+03
4.11966901e+03
4.12140375e+03
4.12314103e+03
4.12488048e+03
4.12662157e+03
4.12836258e+03
4.13010458e+03
4.13184788e+03
4.13359258e+03
4.13533870e+03
4.13708515e+03
4.13883289e+03
4.14058090e+03
4.14232912e+03
4.14407698e+03
4.14582471e+03
4.14757304e+03
4.14932087e+03
4.15106966e+03
4.15281718e+03
4.15456463e+03
4.15631035e+03
4.15805500e+03
4.15979989e+03
4.16154391e+03
4.16328732e+03
4.16502869e+03
4.16676980e+03
4.16850969e+03
4.17024862e+03
4.17198721e+03
4.17372415e+03
4.17545934e+03
4.17719202e+03
4.17892315e+03
4.18065314e+03
4.18238156e+03
4.18410853e+03
4.18583547e+03
4.18756236e+03
4.18928887e+03
4.19101399e+03
4.19273936e+03
4.19446483e+03
4.19619015e+03
4.19791514e+03
4.19964036e+03
4.20136564e+03
4.20309099e+03
4.20481704e+03
4.20654326e+03
4.20826906e+03
4.20999517e+03
4.21172105e+03
4.21344635e+03
4.21517195e+03
4.21689630e+03
4.21861893e+03
4.22034123e+03
4.22206424e+03
4.22378685e+03
4.22550745e+03
4.22722684e+03
4.22894421e+03
4.23065952e+03
4.23237299e+03
4.23408353e+03
4.23579109e+03
4.23749627e+03
4.23919891e+03
4.24089984e+03
4.24259863e+03
4.24429484e+03
4.24598902e+03
4.24768159e+03
4.24937203e+03
4.25105934e+03
4.25274336e+03
4.25442523e+03
4.25610631e+03
4.25778522e+03
4.25946224e+03
4.26113817e+03
4.26281176e+03
4.26448255e+03
4.26615163e+03
4.26781985e+03
4.26948738e+03
4.27115430e+03
4.27282059e+03
4.27448636e+03
4.27615163e+03
4.27781582e+03
4.27947882e+03
4.28114035e+03
4.28280093e+03
4.28446067e+03
4.28611973e+03
4.28777780e+03
4.28943425e+03
4.29108989e+03
4.29274483e+03
4.29439976e+03
4.29605462e+03
4.29770860e+03
4.29936157e+03
4.30101308e+03
4.30266332e+03
4.30431307e+03
4.30596030e+03
4.30760719e+03
4.30925203e+03
4.31089422e+03
4.31253438e+03
4.31417325e+03
4.31581122e+03
4.31744727e+03
4.31908208e+03
4.32071511e+03
4.32234760e+03
4.32397931e+03
4.32561009e+03
4.32724104e+03
4.32887209e+03
4.33050319e+03
4.33213520e+03
4.33376828e+03
4.33540149e+03
4.33703653e+03
4.33867251e+03
4.34031009e+03
4.34194879e+03
4.34358885e+03
4.34523017e+03
4.34687284e+03
4.34851628e+03
4.35016183e+03
4.35180891e+03
4.35345705e+03
4.35510590e+03
4.35675440e+03
4.35840324e+03
4.36005171e+03
4.36170152e+03
4.36335141e+03
4.36499994e+03
4.36664853e+03
4.36829590e+03
4.36994252e+03
4.37158794e+03
4.37323146e+03
4.37487421e+03
4.37651650e+03
4.37815666e+03
4.37979531e+03
4.38143217e+03
4.38306914e+03
4.38470494e+03
4.38633994e+03
4.38797340e+03
4.38960651e+03
4.39124007e+03
4.39287386e+03
4.39450726e+03
4.39614041e+03
4.39777433e+03
4.39940804e+03
4.40104198e+03
4.40267588e+03
4.40431001e+03
4.40594448e+03
4.40757892e+03
4.40921281e+03
4.41084686e+03
4.41248033e+03
4.41411330e+03
4.41574649e+03
4.41738009e+03
4.41901529e+03
4.42065046e+03
4.42228483e+03
4.42391966e+03
4.42555577e+03
4.42719171e+03
4.42882634e+03
4.43046185e+03
4.43209668e+03
4.43373159e+03
4.43536606e+03
4.43699888e+03
4.43863101e+03
4.44026272e+03
4.44189329e+03
4.44352360e+03
4.44515417e+03
4.44678497e+03
4.44841585e+03
4.45004728e+03
4.45167976e+03
4.45331187e+03
4.45494384e+03
4.45657762e+03
4.45821176e+03
4.45984659e+03
4.46148215e+03
4.46311841e+03
4.46475565e+03
4.46639304e+03
4.46802981e+03
4.46966755e+03
4.47130503e+03
4.47294139e+03
4.47457718e+03
4.47621366e+03
4.47785091e+03
4.47948839e+03
4.48112618e+03
4.48276438e+03
4.48440090e+03
4.48603762e+03
4.48767471e+03
4.48931139e+03
4.49094826e+03
4.49258395e+03
4.49421825e+03
4.49585237e+03
4.49748623e+03
4.49911922e+03
4.50075260e+03
4.50238657e+03
4.50402137e+03
4.50565793e+03
4.50729614e+03
4.50893637e+03
4.51057730e+03
4.51221969e+03
4.51386435e+03
4.51551085e+03
4.51715963e+03
4.51881087e+03
4.52046564e+03
4.52212284e+03
4.52378285e+03
4.52544497e+03
4.52710996e+03
4.52877906e+03
4.53045238e+03
4.53213012e+03
4.53381100e+03
4.53549672e+03
4.53718641e+03
4.53888030e+03
4.54057840e+03
4.54227925e+03
4.54398354e+03
4.54568993e+03
4.54739899e+03
4.54910970e+03
4.55082324e+03
4.55253869e+03
4.55425584e+03
4.55597535e+03
4.55769862e+03
4.55942556e+03
4.56115596e+03
4.56288967e+03
4.56462665e+03
4.56636767e+03
4.56811238e+03
4.56986116e+03
4.57161435e+03
4.57337156e+03
4.57513392e+03
4.57689982e+03
4.57866875e+03
4.58044232e+03
4.58222034e+03
4.58400189e+03
4.58578742e+03
4.58757639e+03
4.58936803e+03
4.59116410e+03
4.59296485e+03
4.59476794e+03
4.59657440e+03
4.59838292e+03
4.60019349e+03
4.60200608e+03
4.60382026e+03
4.60563603e+03
4.60745250e+03
4.60926898e+03
4.61108600e+03
4.61290296e+03
4.61471886e+03
4.61653568e+03
4.61835243e+03
4.62017014e+03
4.62198671e+03
4.62380172e+03
4.62561537e+03
4.62742871e+03
4.62924045e+03
4.63105119e+03
4.63286031e+03
4.63466833e+03
4.63647563e+03
4.63828087e+03
4.64008329e+03
4.64188407e+03
4.64368310e+03
4.64548042e+03
4.64727614e+03
4.64906863e+03
4.65085957e+03
4.65264851e+03
4.65443555e+03
4.65622196e+03
4.65800684e+03
4.65979029e+03
4.66157394e+03
4.66335697e+03
4.66514034e+03
4.66692446e+03
4.66871063e+03
4.67050087e+03
4.67229179e+03
4.67408463e+03
4.67588010e+03
4.67767954e+03
4.67948219e+03
4.68128801e+03
4.68309666e+03
4.68490822e+03
4.68672274e+03
4.68854183e+03
4.69036396e+03
4.69218846e+03
4.69401586e+03
4.69584779e+03
4.69768282e+03
4.69952084e+03
4.70136071e+03
4.70320290e+03
4.70504863e+03
4.70689808e+03
4.70875093e+03
4.71060655e+03
4.71246556e+03
4.71432585e+03
4.71618914e+03
4.71805487e+03
4.71992187e+03
4.72179041e+03
4.72366046e+03
4.72553078e+03
4.72740387e+03
4.72927941e+03
4.73115867e+03
4.73303957e+03
4.73492311e+03
4.73680837e+03
4.73869438e+03
4.74058171e+03
4.74246998e+03
4.74435836e+03
4.74624764e+03
4.74813672e+03
4.75002519e+03
4.75191464e+03
4.75380357e+03
4.75569283e+03
4.75758036e+03
4.75946748e+03
4.76135478e+03
4.76324228e+03
4.76512928e+03
4.76701599e+03
4.76890337e+03
4.77079105e+03
4.77267861e+03
4.77456610e+03
4.77645403e+03
4.77834223e+03
4.78023135e+03
4.78212179e+03
4.78401245e+03
4.78590606e+03
4.78780213e+03
4.78970046e+03
4.79160125e+03
4.79350320e+03
4.79540712e+03
4.79731311e+03
4.79922111e+03
4.80113133e+03
4.80304381e+03
4.80495836e+03
4.80687512e+03
4.80879226e+03
4.81071145e+03
4.81263127e+03
4.81455209e+03
4.81647477e+03
4.81839883e+03
4.82032543e+03
4.82225337e+03
4.82418444e+03
4.82611777e+03
4.82805211e+03
4.82998792e+03
4.83192375e+03
4.83386048e+03
4.83579799e+03
4.83773709e+03
4.83967705e+03
4.84161726e+03
4.84355880e+03
4.84550077e+03
4.84744455e+03
4.84939037e+03
4.85133672e+03
4.85328343e+03
4.85523075e+03
4.85717894e+03
4.85912800e+03
4.86107592e+03
4.86302464e+03
4.86497442e+03
4.86692690e+03
4.86888072e+03
4.87083566e+03
4.87279240e+03
4.87475029e+03
4.87670980e+03
4.87866993e+03
4.88063083e+03
4.88259096e+03
4.88455163e+03
4.88651209e+03
4.88847142e+03
4.89043038e+03
4.89239065e+03
4.89435141e+03
4.89631394e+03
4.89827673e+03
4.90023947e+03
4.90220314e+03
4.90416852e+03
4.90613589e+03
4.90810477e+03
4.91007388e+03
4.91204310e+03
4.91401239e+03
4.91598304e+03
4.91795549e+03
4.91992847e+03
4.92190276e+03
4.92387905e+03
4.92585814e+03
4.92783883e+03
4.92981922e+03
4.93180018e+03
4.93378264e+03
4.93576670e+03
4.93775251e+03
4.93973862e+03
4.94172625e+03
4.94371509e+03
4.94570462e+03
4.94769446e+03
4.94968448e+03
4.95167516e+03
4.95366809e+03
4.95566200e+03
4.95765825e+03
4.95965677e+03
4.96165759e+03
4.96365974e+03
4.96566549e+03
4.96767374e+03
4.96968466e+03
4.97169791e+03
4.97371270e+03
4.97572822e+03
4.97774432e+03
4.97976165e+03
4.98177991e+03
4.98379828e+03
4.98581461e+03
4.98783087e+03
4.98984744e+03
4.99186341e+03
4.99387840e+03
4.99589259e+03
4.99790447e+03
4.99991558e+03
5.00192594e+03
5.00393593e+03
5.00594498e+03
5.00795357e+03
5.00996131e+03
5.01196612e+03
5.01396965e+03
5.01597277e+03
5.01797418e+03
5.01997494e+03
5.02197409e+03
5.02397266e+03
5.02597152e+03
5.02797061e+03
5.02996972e+03
5.03197002e+03
5.03397221e+03
5.03597344e+03
5.03797573e+03
5.03997930e+03
5.04198234e+03
5.04398589e+03
5.04598990e+03
5.04799323e+03
5.04999674e+03
5.05199956e+03
5.05400047e+03
5.05600181e+03
5.05800273e+03
5.06000364e+03
5.06200410e+03
5.06400452e+03
5.06600375e+03
5.06800144e+03
5.06999745e+03
5.07199221e+03
5.07398634e+03
5.07597808e+03
5.07796840e+03
5.07995783e+03
5.08194467e+03
5.08393311e+03
5.08592080e+03
5.08790843e+03
5.08989624e+03
5.09188423e+03
5.09387078e+03
5.09585687e+03
5.09784341e+03
5.09983016e+03
5.10181511e+03
5.10380060e+03
5.10578550e+03
5.10777217e+03
5.10975914e+03
5.11174737e+03
5.11373691e+03
5.11572837e+03
5.11772255e+03
5.11971840e+03
5.12171794e+03
5.12371900e+03
5.12572263e+03
5.12772827e+03
5.12973377e+03
5.13174178e+03
5.13375019e+03
5.13576030e+03
5.13777212e+03
5.13978642e+03
5.14180183e+03
5.14381946e+03
5.14583764e+03
5.14785898e+03
5.14988139e+03
5.15190568e+03
5.15393090e+03
5.15595568e+03
5.15798006e+03
5.16000444e+03
5.16202848e+03
5.16405380e+03
5.16608035e+03
5.16810698e+03
5.17013540e+03
5.17216440e+03
5.17419387e+03
5.17622254e+03
5.17825265e+03
5.18028408e+03
5.18231545e+03
5.18434805e+03
5.18638035e+03
5.18841280e+03
5.19044432e+03
5.19247571e+03
5.19450615e+03
5.19653601e+03
5.19856443e+03
5.20059146e+03
5.20261621e+03
5.20464145e+03
5.20666577e+03
5.20869006e+03
5.21071302e+03
5.21273457e+03
5.21475495e+03
5.21677357e+03
5.21879262e+03
5.22081080e+03
5.22282925e+03
5.22484602e+03
5.22686210e+03
5.22887624e+03
5.23088942e+03
5.23290309e+03
5.23491593e+03
5.23692999e+03
5.23894313e+03
5.24095661e+03
5.24297049e+03
5.24498461e+03
5.24699865e+03
5.24901334e+03
5.25102921e+03
5.25304586e+03
5.25506240e+03
5.25708025e+03
5.25910024e+03
5.26112208e+03
5.26314400e+03
5.26516812e+03
5.26719403e+03
5.26922048e+03
5.27124986e+03
5.27328067e+03
5.27531257e+03
5.27734417e+03
5.27937602e+03
5.28140776e+03
5.28343945e+03
5.28547052e+03
5.28750089e+03
5.28953033e+03
5.29155795e+03
5.29358513e+03
5.29561205e+03
5.29763848e+03
5.29966472e+03
5.30169269e+03
5.30372180e+03
5.30575079e+03
5.30777933e+03
5.30980868e+03
5.31183928e+03
5.31386894e+03
5.31589887e+03
5.31792811e+03
5.31995788e+03
5.32198865e+03
5.32402021e+03
5.32605243e+03
5.32808658e+03
5.33012108e+03
5.33215534e+03
5.33418936e+03
5.33622524e+03
5.33826001e+03
5.34029494e+03
5.34233053e+03
5.34436679e+03
5.34640101e+03
5.34843612e+03
5.35047053e+03
5.35250383e+03
5.35453680e+03
5.35656898e+03
5.35860066e+03
5.36063161e+03
5.36266152e+03
5.36469081e+03
5.36672156e+03
5.36875206e+03
5.37078330e+03
5.37281643e+03
5.37485054e+03
5.37688478e+03
5.37891935e+03
5.38095391e+03
5.38298897e+03
5.38502449e+03
5.38706040e+03
5.38909645e+03
5.39113184e+03
5.39316586e+03
5.39519822e+03
5.39722781e+03
5.39925462e+03
5.40127841e+03
5.40329964e+03
5.40531748e+03
5.40733299e+03
5.40934359e+03
5.41135105e+03
5.41335338e+03
5.41535172e+03
5.41734507e+03
5.41933279e+03
5.42131393e+03
5.42329018e+03
5.42526108e+03
5.42722772e+03
5.42919064e+03
5.43114987e+03
5.43310480e+03
5.43505776e+03
5.43700564e+03
5.43894881e+03
5.44088940e+03
5.44282710e+03
5.44476148e+03
5.44669352e+03
5.44862393e+03
5.45055195e+03
5.45247856e+03
5.45440330e+03
5.45632422e+03
5.45824190e+03
5.46015583e+03
5.46206808e+03
5.46397766e+03
5.46588440e+03
5.46778814e+03
5.46968809e+03
5.47158361e+03
5.47347541e+03
5.47536400e+03
5.47724930e+03
5.47913132e+03
5.48100718e+03
5.48287758e+03
5.48474419e+03
5.48660549e+03
5.48846262e+03
5.49031636e+03
5.49216709e+03
5.49401472e+03
5.49586127e+03
5.49770481e+03
5.49954651e+03
5.50138546e+03
5.50322359e+03
5.50506006e+03
5.50689570e+03
5.50873191e+03
5.51056758e+03
5.51240129e+03
5.51423583e+03
5.51607107e+03
5.51790799e+03
5.51974635e+03
5.52158449e+03
5.52342449e+03
5.52526596e+03
5.52711033e+03
5.52895691e+03
5.53080491e+03
5.53265432e+03
5.53450696e+03
5.53636138e+03
5.53821902e+03
5.54007925e+03
5.54194047e+03
5.54380271e+03
5.54566682e+03
5.54753284e+03
5.54940026e+03
5.55126934e+03
5.55313753e+03
5.55500563e+03
5.55687262e+03
5.55873881e+03
5.56060314e+03
5.56246826e+03
5.56433378e+03
5.56619949e+03
5.56806470e+03
5.56992928e+03
5.57179369e+03
5.57365818e+03
5.57552129e+03
5.57738431e+03
5.57924573e+03
5.58110603e+03
5.58296466e+03
5.58482302e+03
5.58668162e+03
5.58854131e+03
5.59040085e+03
5.59226154e+03
5.59412402e+03
5.59598911e+03
5.59785552e+03
5.59972453e+03
5.60159481e+03
5.60346754e+03
5.60534123e+03
5.60721411e+03
5.60908641e+03
5.61095819e+03
5.61282807e+03
5.61469737e+03
5.61656666e+03
5.61843411e+03
5.62030110e+03
5.62216582e+03
5.62403009e+03
5.62589222e+03
5.62775416e+03
5.62961452e+03
5.63147453e+03
5.63333414e+03
5.63519155e+03
5.63704611e+03
5.63889691e+03
5.64074426e+03
5.64258765e+03
5.64442712e+03
5.64626421e+03
5.64809811e+03
5.64993055e+03
5.65176192e+03
5.65359096e+03
5.65541791e+03
5.65724472e+03
5.65906994e+03
5.66089385e+03
5.66271580e+03
5.66453672e+03
5.66635622e+03
5.66817485e+03
5.66999119e+03
5.67180556e+03
5.67361827e+03
5.67542852e+03
5.67723757e+03
5.67904721e+03
5.68085582e+03
5.68266285e+03
5.68446980e+03
5.68627525e+03
5.68808141e+03
5.68988529e+03
5.69168719e+03
5.69348679e+03
5.69528300e+03
5.69707680e+03
5.69886784e+03
5.70065739e+03
5.70244461e+03
5.70423140e+03
5.70601696e+03
5.70780125e+03
5.70958279e+03
5.71136407e+03
5.71314414e+03
5.71492434e+03
5.71670315e+03
5.71848180e+03
5.72025947e+03
5.72203502e+03
5.72380895e+03
5.72558184e+03
5.72735337e+03
5.72912254e+03
5.73088965e+03
5.73265589e+03
5.73442239e+03
5.73618789e+03
5.73795387e+03
5.73972246e+03
5.74149156e+03
5.74325990e+03
5.74502745e+03
5.74679710e+03
5.74856638e+03
5.75033551e+03
5.75210696e+03
5.75387948e+03
5.75565425e+03
5.75743154e+03
5.75920994e+03
5.76099018e+03
5.76277340e+03
5.76455905e+03
5.76634773e+03
5.76813951e+03
5.76993318e+03
5.77172931e+03
5.77352758e+03
5.77532773e+03
5.77712989e+03
5.77893547e+03
5.78074340e+03
5.78255381e+03
5.78436660e+03
5.78618232e+03
5.78800051e+03
5.78982397e+03
5.79165352e+03
5.79348579e+03
5.79532273e+03
5.79716544e+03
5.79901094e+03
5.80086089e+03
5.80271344e+03
5.80456780e+03
5.80642613e+03
5.80828787e+03
5.81015357e+03
5.81202270e+03
5.81389289e+03
5.81576443e+03
5.81763790e+03
5.81951443e+03
5.82139263e+03
5.82327348e+03
5.82515727e+03
5.82704487e+03
5.82893517e+03
5.83082895e+03
5.83272377e+03
5.83462181e+03
5.83652333e+03
5.83842769e+03
5.84033463e+03
5.84224231e+03
5.84415213e+03
5.84606319e+03
5.84797486e+03
5.84988790e+03
5.85180144e+03
5.85371476e+03
5.85562886e+03
5.85754520e+03
5.85946137e+03
5.86137938e+03
5.86329733e+03
5.86521547e+03
5.86713457e+03
5.86905266e+03
5.87097024e+03
5.87288684e+03
5.87480320e+03
5.87671813e+03
5.87863174e+03
5.88054414e+03
5.88245467e+03
5.88436442e+03
5.88627335e+03
5.88818138e+03
5.89008946e+03
5.89199741e+03
5.89390450e+03
5.89581004e+03
5.89771459e+03
5.89961797e+03
5.90151887e+03
5.90341914e+03
5.90531872e+03
5.90721754e+03
5.90911502e+03
5.91101110e+03
5.91290667e+03
5.91480144e+03
5.91669503e+03
5.91859009e+03
5.92048663e+03
5.92238377e+03
5.92428250e+03
5.92618165e+03
5.92808237e+03
5.92998386e+03
5.93188435e+03
5.93378590e+03
5.93568801e+03
5.93759020e+03
5.93949438e+03
5.94139870e+03
5.94330360e+03
5.94520958e+03
5.94711613e+03
5.94902400e+03
5.95093162e+03
5.95283901e+03
5.95474601e+03
5.95665216e+03
5.95855862e+03
5.96046355e+03
5.96236594e+03
5.96426555e+03
5.96616317e+03
5.96805856e+03
5.96995130e+03
5.97184010e+03
5.97372519e+03
5.97560697e+03
5.97748583e+03
5.97936336e+03
5.98123896e+03
5.98311327e+03
5.98498553e+03
5.98685811e+03
5.98873106e+03
5.99060409e+03
5.99247805e+03
5.99435157e+03
5.99622488e+03
5.99809822e+03
5.99997170e+03
6.00184407e+03
6.00371558e+03
6.00558684e+03
6.00745762e+03
6.00932758e+03
6.01119673e+03
6.01306608e+03
6.01493819e+03
6.01681151e+03
6.01868598e+03
6.02056203e+03
6.02243997e+03
6.02431862e+03
6.02619593e+03
6.02807420e+03
6.02995254e+03
6.03183220e+03
6.03371346e+03
6.03559689e+03
6.03748420e+03
6.03937317e+03
6.04126372e+03
6.04315736e+03
6.04505313e+03
6.04695257e+03
6.04885337e+03
6.05075540e+03
6.05266114e+03
6.05456969e+03
6.05648175e+03
6.05839474e+03
6.06031249e+03
6.06223328e+03
6.06415463e+03
6.06607911e+03
6.06800684e+03
6.06993675e+03
6.07187184e+03
6.07380939e+03
6.07574820e+03
6.07768887e+03
6.07963172e+03
6.08157453e+03
6.08351711e+03
6.08545915e+03
6.08740157e+03
6.08934524e+03
6.09129080e+03
6.09323549e+03
6.09518137e+03
6.09712930e+03
6.09907883e+03
6.10102995e+03
6.10298298e+03
6.10493786e+03
6.10689506e+03
6.10885573e+03
6.11081903e+03
6.11278386e+03
6.11475160e+03
6.11672217e+03
6.11869521e+03
6.12067086e+03
6.12264880e+03
6.12462827e+03
6.12660928e+03
6.12859190e+03
6.13057680e+03
6.13256269e+03
6.13454833e+03
6.13653379e+03
6.13852023e+03
6.14050683e+03
6.14249286e+03
6.14447713e+03
6.14646070e+03
6.14843992e+03
6.15041630e+03
6.15239006e+03
6.15435904e+03
6.15632429e+03
6.15828634e+03
6.16024457e+03
6.16219806e+03
6.16414699e+03
6.16609118e+03
6.16803037e+03
6.16996532e+03
6.17189567e+03
6.17382219e+03
6.17574391e+03
6.17766012e+03
6.17957257e+03
6.18148091e+03
6.18338522e+03
6.18528771e+03
6.18718790e+03
6.18908572e+03
6.19098300e+03
6.19287826e+03
6.19477151e+03
6.19666528e+03
6.19855724e+03
6.20044741e+03
6.20233615e+03
6.20422254e+03
6.20610803e+03
6.20799340e+03
6.20987615e+03
6.21175715e+03
6.21363744e+03
6.21551751e+03
6.21739680e+03
6.21927362e+03
6.22114840e+03
6.22302193e+03
6.22489362e+03
6.22676380e+03
6.22863289e+03
6.23049937e+03
6.23236287e+03
6.23422405e+03
6.23608112e+03
6.23793245e+03
6.23977974e+03
6.24162443e+03
6.24346359e+03
6.24529856e+03
6.24712884e+03
6.24895481e+03
6.25077622e+03
6.25259354e+03
6.25440602e+03
6.25621491e+03
6.25802033e+03
6.25982206e+03
6.26162090e+03
6.26341661e+03
6.26520910e+03
6.26699944e+03
6.26878719e+03
6.27057200e+03
6.27235291e+03
6.27413058e+03
6.27590596e+03
6.27767946e+03
6.27945120e+03
6.28122016e+03
6.28298756e+03
6.28475271e+03
6.28651500e+03
6.28827379e+03
6.29003166e+03
6.29178540e+03
6.29353689e+03
6.29528700e+03
6.29703439e+03
6.29877844e+03
6.30051963e+03
6.30225915e+03
6.30399603e+03
6.30572915e+03
6.30745826e+03
6.30918313e+03
6.31090324e+03
6.31262162e+03
6.31433688e+03
6.31604881e+03
6.31775793e+03
6.31946645e+03
6.32117370e+03
6.32288153e+03
6.32458842e+03
6.32629347e+03
6.32799746e+03
6.32970073e+03
6.33140196e+03
6.33310208e+03
6.33479938e+03
6.33649604e+03
6.33819038e+03
6.33988326e+03
6.34157540e+03
6.34326600e+03
6.34495338e+03
6.34663950e+03
6.34832471e+03
6.35000872e+03
6.35169096e+03
6.35337109e+03
6.35505020e+03
6.35672584e+03
6.35839976e+03
6.36007119e+03
6.36174059e+03
6.36340792e+03
6.36507569e+03
6.36674160e+03
6.36840382e+03
6.37006415e+03
6.37172452e+03
6.37338646e+03
6.37504726e+03
6.37670653e+03
6.37836416e+03
6.38002394e+03
6.38168341e+03
6.38334099e+03
6.38499963e+03
6.38665607e+03
6.38831020e+03
6.38996221e+03
6.39161464e+03
6.39326870e+03
6.39492309e+03
6.39657919e+03
6.39823541e+03
6.39989227e+03
6.40154973e+03
6.40320809e+03
6.40486493e+03
6.40652251e+03
6.40817947e+03
6.40983475e+03
6.41148832e+03
6.41314115e+03
6.41479288e+03
6.41644212e+03
6.41809065e+03
6.41973738e+03
6.42138441e+03
6.42303206e+03
6.42468206e+03
6.42633273e+03
6.42798339e+03
6.42963379e+03
6.43128429e+03
6.43293512e+03
6.43458892e+03
6.43624390e+03
6.43790239e+03
6.43956529e+03
6.44123218e+03
6.44290298e+03
6.44457864e+03
6.44625827e+03
6.44794301e+03
6.44963176e+03
6.45132595e+03
6.45302689e+03
6.45473330e+03
6.45644678e+03
6.45816611e+03
6.45989148e+03
6.46162193e+03
6.46336145e+03
6.46510671e+03
6.46685970e+03
6.46861855e+03
6.47038412e+03
6.47215527e+03
6.47393429e+03
6.47571958e+03
6.47751033e+03
6.47930794e+03
6.48111164e+03
6.48292021e+03
6.48473482e+03
6.48655569e+03
6.48838081e+03
6.49021019e+03
6.49204169e+03
6.49387627e+03
6.49570884e+03
6.49754205e+03
6.49937364e+03
6.50120740e+03
6.50304396e+03
6.50488326e+03
6.50672136e+03
6.50855920e+03
6.51039532e+03
6.51222887e+03
6.51405898e+03
6.51588655e+03
6.51771056e+03
6.51952852e+03
6.52134186e+03
6.52315093e+03
6.52495551e+03
6.52675566e+03
6.52855039e+03
6.53034137e+03
6.53212786e+03
6.53390942e+03
6.53568832e+03
6.53746209e+03
6.53923178e+03
6.54099603e+03
6.54275750e+03
6.54451569e+03
6.54627240e+03
6.54802735e+03
6.54977922e+03
6.55152981e+03
6.55327768e+03
6.55502428e+03
6.55677060e+03
6.55851707e+03
6.56026352e+03
6.56201163e+03
6.56376203e+03
6.56551342e+03
6.56726471e+03
6.56901720e+03
6.57077074e+03
6.57252649e+03
6.57428349e+03
6.57604079e+03
6.57780099e+03
6.57956143e+03
6.58132538e+03
6.58308870e+03
6.58485186e+03
6.58661735e+03
6.58838221e+03
6.59014510e+03
6.59190720e+03
6.59366817e+03
6.59542971e+03
6.59719014e+03
6.59895017e+03
6.60070981e+03
6.60246803e+03
6.60422458e+03
6.60597865e+03
6.60773000e+03
6.60948043e+03
6.61122844e+03
6.61297429e+03
6.61471991e+03
6.61646629e+03
6.61821045e+03
6.61995275e+03
6.62169432e+03
6.62343212e+03
6.62516510e+03
6.62689539e+03
6.62862535e+03
6.63035259e+03
6.63207931e+03
6.63380428e+03
6.63552735e+03
6.63724930e+03
6.63896911e+03
6.64068535e+03
6.64240139e+03
6.64411694e+03
6.64583050e+03
6.64754290e+03
6.64925361e+03
6.65096307e+03
6.65267031e+03
6.65437634e+03
6.65608213e+03
6.65778818e+03
6.65949244e+03
6.66119405e+03
6.66289436e+03
6.66459315e+03
6.66628971e+03
6.66798336e+03
6.66967593e+03
6.67136514e+03
6.67305368e+03
6.67473912e+03
6.67642200e+03
6.67810156e+03
6.67978091e+03
6.68145748e+03
6.68313276e+03
6.68480523e+03
6.68647389e+03
6.68814033e+03
6.68980109e+03
6.69146049e+03
6.69311616e+03
6.69476759e+03
6.69641469e+03
6.69805937e+03
6.69970256e+03
6.70134371e+03
6.70298301e+03
6.70461950e+03
6.70625473e+03
6.70788955e+03
6.70952381e+03
6.71115847e+03
6.71279439e+03
6.71443055e+03
6.71606507e+03
6.71769989e+03
6.71933518e+03
6.72096966e+03
6.72260225e+03
6.72423533e+03
6.72586907e+03
6.72750173e+03
6.72913375e+03
6.73076507e+03
6.73239663e+03
6.73402759e+03
6.73565783e+03
6.73728489e+03
6.73890967e+03
6.74053297e+03
6.74215650e+03
6.74377905e+03
6.74539987e+03
6.74701871e+03
6.74863445e+03
6.75024862e+03
6.75185932e+03
6.75346854e+03
6.75507634e+03
6.75668063e+03
6.75828333e+03
6.75988443e+03
6.76148197e+03
6.76307701e+03
6.76467071e+03
6.76626522e+03
6.76785840e+03
6.76945027e+03
6.77103972e+03
6.77262749e+03
6.77421467e+03
6.77580046e+03
6.77738269e+03
6.77896168e+03
6.78053408e+03
6.78210221e+03
6.78366640e+03
6.78522637e+03
6.78678135e+03
6.78833122e+03
6.78987809e+03
6.79142029e+03
6.79295924e+03
6.79449454e+03
6.79602548e+03
6.79754906e+03
6.79906793e+03
6.80058335e+03
6.80209194e+03
6.80359383e+03
6.80509133e+03
6.80658312e+03
6.80806940e+03
6.80954986e+03
6.81102295e+03
6.81249091e+03
6.81395127e+03
6.81540497e+03
6.81685500e+03
6.81830035e+03
6.81974189e+03
6.82118095e+03
6.82261699e+03
6.82404946e+03
6.82547947e+03
6.82690863e+03
6.82833520e+03
6.82975914e+03
6.83117952e+03
6.83259853e+03
6.83401441e+03
6.83542715e+03
6.83683802e+03
6.83824754e+03
6.83965487e+03
6.84106110e+03
6.84246535e+03
6.84386966e+03
6.84527171e+03
6.84667365e+03
6.84807443e+03
6.84947477e+03
6.85087671e+03
6.85228124e+03
6.85368490e+03
6.85508697e+03
6.85648825e+03
6.85789098e+03
6.85929174e+03
6.86069231e+03
6.86209596e+03
6.86350035e+03
6.86490657e+03
6.86631223e+03
6.86771618e+03
6.86912038e+03
6.87052481e+03
6.87192973e+03
6.87333172e+03
6.87473338e+03
6.87613267e+03
6.87752944e+03
6.87892391e+03
6.88031626e+03
6.88170509e+03
6.88309303e+03
6.88447751e+03
6.88585993e+03
6.88723917e+03
6.88861560e+03
6.88998723e+03
6.89135399e+03
6.89271456e+03
6.89407149e+03
6.89542600e+03
6.89677795e+03
6.89812627e+03
6.89946874e+03
6.90080698e+03
6.90214388e+03
6.90347823e+03
6.90480840e+03
6.90613480e+03
6.90745768e+03
6.90877850e+03
6.91009717e+03
6.91141313e+03
6.91272746e+03
6.91403796e+03
6.91534579e+03
6.91664902e+03
6.91794966e+03
6.91924690e+03
6.92054044e+03
6.92183176e+03
6.92312025e+03
6.92440677e+03
6.92569109e+03
6.92697149e+03
6.92824803e+03
6.92952156e+03
6.93078903e+03
6.93205106e+03
6.93330761e+03
6.93455789e+03
6.93580383e+03
6.93704689e+03
6.93828530e+03
6.93951913e+03
6.94074844e+03
6.94197461e+03
6.94319784e+03
6.94441553e+03
6.94562964e+03
6.94683910e+03
6.94804416e+03
6.94924261e+03
6.95043845e+03
6.95163136e+03
6.95282012e+03
6.95400522e+03
6.95518983e+03
6.95637174e+03
6.95755204e+03
6.95873368e+03
6.95991668e+03
6.96109992e+03
6.96228383e+03
6.96347104e+03
6.96466025e+03
6.96585349e+03
6.96704885e+03
6.96824675e+03
6.96944586e+03
6.97064928e+03
6.97185681e+03
6.97306601e+03
6.97427830e+03
6.97549567e+03
6.97671487e+03
6.97793579e+03
6.97915922e+03
6.98038713e+03
6.98161414e+03
6.98284092e+03
6.98406625e+03
6.98529187e+03
6.98651896e+03
6.98774581e+03
6.98897310e+03
6.99020046e+03
6.99142882e+03
6.99265738e+03
6.99388716e+03
6.99511782e+03
6.99634695e+03
6.99757347e+03
6.99879643e+03
7.00001527e+03
7.00123140e+03
7.00244182e+03
7.00364690e+03
7.00484716e+03
7.00604146e+03
7.00723262e+03
7.00841832e+03
7.00959787e+03
7.01077389e+03
7.01194292e+03
7.01310684e+03
7.01426626e+03
7.01542386e+03
7.01657930e+03
7.01773200e+03
7.01888294e+03
7.02003171e+03
7.02117828e+03
7.02232238e+03
7.02346176e+03
7.02459831e+03
7.02573512e+03
7.02687014e+03
7.02800501e+03
7.02914322e+03
7.03028080e+03
7.03142046e+03
7.03256294e+03
7.03370788e+03
7.03485641e+03
7.03600748e+03
7.03716422e+03
7.03832609e+03
7.03949286e+03
7.04066471e+03
7.04184202e+03
7.04302284e+03
7.04420953e+03
7.04540085e+03
7.04659434e+03
7.04779474e+03
7.04900058e+03
7.05020928e+03
7.05142213e+03
7.05263836e+03
7.05385782e+03
7.05508312e+03
7.05631097e+03
7.05754183e+03
7.05877766e+03
7.06002011e+03
7.06126575e+03
7.06251379e+03
7.06376867e+03
7.06502898e+03
7.06629496e+03
7.06756553e+03
7.06884142e+03
7.07011942e+03
7.07139965e+03
7.07268268e+03
7.07396802e+03
7.07525511e+03
7.07654390e+03
7.07783567e+03
7.07912755e+03
7.08041877e+03
7.08170979e+03
7.08299762e+03
7.08428482e+03
7.08557292e+03
7.08686103e+03
7.08814822e+03
7.08943459e+03
7.09071988e+03
7.09200599e+03
7.09328948e+03
7.09456954e+03
7.09584587e+03
7.09711974e+03
7.09839059e+03
7.09965975e+03
7.10092500e+03
7.10218915e+03
7.10345141e+03
7.10471099e+03
7.10596523e+03
7.10721448e+03
7.10845920e+03
7.10970142e+03
7.11094050e+03
7.11217967e+03
7.11341661e+03
7.11464922e+03
7.11587915e+03
7.11710312e+03
7.11832263e+03
7.11953795e+03
7.12074945e+03
7.12195570e+03
7.12315601e+03
7.12435275e+03
7.12554473e+03
7.12673042e+03
7.12791166e+03
7.12908809e+03
7.13025763e+03
7.13142115e+03
7.13257816e+03
7.13372775e+03
7.13487163e+03
7.13600881e+03
7.13714231e+03
7.13827196e+03
7.13939623e+03
7.14051669e+03
7.14162993e+03
7.14273854e+03
7.14384001e+03
7.14493537e+03
7.14602485e+03
7.14711107e+03
7.14819355e+03
7.14927108e+03
7.15034569e+03
7.15141790e+03
7.15248626e+03
7.15355055e+03
7.15461232e+03
7.15566906e+03
7.15672024e+03
7.15776435e+03
7.15880471e+03
7.15984236e+03
7.16087275e+03
7.16189778e+03
7.16291771e+03
7.16393464e+03
7.16494658e+03
7.16595414e+03
7.16695873e+03
7.16796182e+03
7.16895933e+03
7.16995596e+03
7.17094933e+03
7.17194153e+03
7.17293414e+03
7.17392789e+03
7.17492044e+03
7.17591319e+03
7.17690601e+03
7.17789826e+03
7.17889171e+03
7.17988542e+03
7.18087982e+03
7.18187517e+03
7.18287328e+03
7.18387459e+03
7.18487974e+03
7.18588500e+03
7.18689010e+03
7.18789701e+03
7.18890696e+03
7.18991710e+03
7.19093119e+03
7.19194891e+03
7.19296637e+03
7.19398839e+03
7.19501268e+03
7.19604048e+03
7.19707105e+03
7.19810521e+03
7.19914453e+03
7.20019017e+03
7.20123998e+03
7.20229282e+03
7.20335088e+03
7.20441396e+03
7.20548212e+03
7.20655844e+03
7.20763977e+03
7.20872515e+03
7.20981379e+03
7.21090416e+03
7.21199918e+03
7.21309667e+03
7.21419696e+03
7.21529885e+03
7.21640140e+03
7.21750560e+03
7.21861106e+03
7.21972075e+03
7.22083237e+03
7.22194764e+03
7.22306609e+03
7.22418710e+03
7.22531048e+03
7.22643498e+03
7.22755868e+03
7.22868098e+03
7.22980417e+03
7.23092890e+03
7.23205672e+03
7.23318576e+03
7.23431584e+03
7.23544565e+03
7.23657951e+03
7.23771568e+03
7.23885157e+03
7.23998805e+03
7.24112582e+03
7.24226465e+03
7.24340327e+03
7.24454375e+03
7.24568634e+03
7.24682830e+03
7.24797209e+03
7.24911567e+03
7.25025997e+03
7.25140561e+03
7.25255017e+03
7.25369327e+03
7.25483540e+03
7.25597861e+03
7.25712084e+03
7.25826372e+03
7.25940643e+03
7.26055182e+03
7.26169899e+03
7.26284646e+03
7.26399491e+03
7.26514185e+03
7.26628950e+03
7.26743627e+03
7.26858184e+03
7.26973056e+03
7.27088136e+03
7.27203437e+03
7.27318942e+03
7.27434796e+03
7.27551290e+03
7.27668333e+03
7.27785753e+03
7.27903607e+03
7.28021837e+03
7.28140442e+03
7.28259413e+03
7.28378565e+03
7.28497391e+03
7.28616403e+03
7.28735368e+03
7.28854194e+03
7.28973066e+03
7.29091623e+03
7.29210249e+03
7.29329058e+03
7.29447927e+03
7.29566768e+03
7.29685790e+03
7.29804611e+03
7.29923325e+03
7.30041856e+03
7.30160092e+03
7.30278204e+03
7.30396166e+03
7.30514118e+03
7.30631753e+03
7.30749466e+03
7.30867235e+03
7.30985095e+03
7.31102878e+03
7.31220731e+03
7.31338578e+03
7.31456474e+03
7.31574351e+03
7.31692051e+03
7.31809790e+03
7.31927600e+03
7.32045605e+03
7.32163499e+03
7.32281227e+03
7.32399318e+03
7.32517227e+03
7.32635174e+03
7.32752909e+03
7.32870353e+03
7.32987830e+03
7.33105153e+03
7.33222561e+03
7.33339690e+03
7.33456662e+03
7.33573369e+03
7.33689963e+03
7.33806596e+03
7.33923262e+03
7.34039440e+03
7.34155555e+03
7.34271596e+03
7.34387523e+03
7.34503241e+03
7.34618786e+03
7.34734006e+03
7.34848968e+03
7.34963548e+03
7.35077699e+03
7.35191207e+03
7.35304409e+03
7.35417279e+03
7.35529725e+03
7.35641868e+03
7.35753756e+03
7.35865624e+03
7.35977159e+03
7.36088548e+03
7.36199779e+03
7.36310924e+03
7.36422247e+03
7.36533574e+03
7.36644803e+03
7.36756152e+03
7.36867502e+03
7.36979006e+03
7.37090785e+03
7.37202900e+03
7.37315136e+03
7.37427514e+03
7.37540313e+03
7.37653064e+03
7.37766085e+03
7.37879172e+03
7.37992502e+03
7.38106389e+03
7.38220672e+03
7.38335459e+03
7.38450795e+03
7.38566455e+03
7.38682745e+03
7.38799321e+03
7.38916275e+03
7.39033395e+03
7.39150693e+03
7.39267941e+03
7.39385313e+03
7.39502920e+03
7.39620805e+03
7.39738686e+03
7.39856689e+03
7.39974609e+03
7.40092792e+03
7.40211186e+03
7.40329539e+03
7.40448026e+03
7.40566386e+03
7.40684618e+03
7.40802815e+03
7.40921145e+03
7.41039590e+03
7.41158163e+03
7.41276619e+03
7.41394701e+03
7.41512803e+03
7.41630773e+03
7.41748683e+03
7.41866537e+03
7.41984204e+03
7.42101797e+03
7.42219171e+03
7.42336911e+03
7.42454710e+03
7.42572556e+03
7.42690235e+03
7.42808009e+03
7.42925803e+03
7.43043960e+03
7.43161982e+03
7.43280127e+03
7.43398359e+03
7.43516403e+03
7.43633840e+03
7.43750933e+03
7.43867646e+03
7.43983705e+03
7.44099318e+03
7.44214750e+03
7.44329741e+03
7.44444350e+03
7.44558483e+03
7.44671943e+03
7.44785368e+03
7.44898581e+03
7.45011802e+03
7.45124862e+03
7.45237778e+03
7.45350771e+03
7.45463669e+03
7.45576805e+03
7.45690334e+03
7.45803997e+03
7.45917957e+03
7.46032290e+03
7.46147225e+03
7.46262589e+03
7.46378183e+03
7.46494210e+03
7.46610592e+03
7.46727492e+03
7.46844599e+03
7.46962045e+03
7.47079672e+03
7.47197893e+03
7.47316634e+03
7.47435939e+03
7.47555862e+03
7.47676268e+03
7.47797234e+03
7.47918634e+03
7.48040408e+03
7.48162239e+03
7.48284194e+03
7.48406311e+03
7.48528480e+03
7.48650740e+03
7.48773047e+03
7.48895266e+03
7.49017740e+03
7.49140516e+03
7.49263243e+03
7.49385991e+03
7.49508957e+03
7.49631943e+03
7.49754930e+03
7.49877934e+03
7.50000914e+03
7.50123707e+03
7.50246207e+03
7.50368342e+03
7.50490193e+03
7.50611654e+03
7.50732430e+03
7.50852687e+03
7.50972834e+03
7.51092680e+03
7.51212286e+03
7.51331682e+03
7.51451061e+03
7.51570333e+03
7.51689059e+03
7.51807867e+03
7.51926570e+03
7.52045252e+03
7.52163807e+03
7.52282052e+03
7.52400098e+03
7.52518155e+03
7.52635969e+03
7.52753691e+03
7.52871565e+03
7.52989237e+03
7.53107289e+03
7.53225465e+03
7.53343523e+03
7.53461667e+03
7.53580123e+03
7.53698811e+03
7.53817113e+03
7.53935472e+03
7.54053877e+03
7.54172313e+03
7.54290761e+03
7.54409227e+03
7.54527851e+03
7.54646640e+03
7.54765779e+03
7.54885334e+03
7.55005097e+03
7.55125543e+03
7.55246471e+03
7.55367812e+03
7.55489850e+03
7.55612547e+03
7.55735905e+03
7.55859932e+03
7.55984728e+03
7.56110220e+03
7.56236104e+03
7.56362264e+03
7.56489042e+03
7.56616767e+03
7.56744745e+03
7.56873257e+03
7.57002382e+03
7.57131912e+03
7.57261940e+03
7.57392562e+03
7.57523699e+03
7.57655121e+03
7.57786804e+03
7.57918781e+03
7.58050894e+03
7.58182995e+03
7.58315045e+03
7.58447201e+03
7.58579154e+03
7.58710805e+03
7.58842277e+03
7.58973671e+03
7.59104688e+03
7.59235381e+03
7.59365766e+03
7.59495573e+03
7.59625029e+03
7.59753912e+03
7.59882021e+03
7.60009312e+03
7.60135663e+03
7.60261063e+03
7.60385744e+03
7.60509565e+03
7.60632907e+03
7.60755672e+03
7.60877751e+03
7.60998836e+03
7.61119161e+03
7.61238992e+03
7.61358129e+03
7.61476560e+03
7.61594163e+03
7.61711099e+03
7.61827434e+03
7.61943368e+03
7.62058636e+03
7.62173616e+03
7.62288191e+03
7.62402248e+03
7.62516005e+03
7.62629277e+03
7.62742416e+03
7.62855482e+03
7.62968255e+03
7.63080939e+03
7.63193304e+03
7.63305371e+03
7.63417215e+03
7.63529003e+03
7.63640526e+03
7.63752128e+03
7.63863369e+03
7.63974689e+03
7.64086106e+03
7.64197323e+03
7.64308682e+03
7.64420386e+03
7.64532138e+03
7.64643826e+03
7.64755813e+03
7.64868053e+03
7.64980430e+03
7.65092914e+03
7.65205761e+03
7.65318625e+03
7.65431490e+03
7.65544509e+03
7.65657758e+03
7.65770825e+03
7.65883973e+03
7.65997278e+03
7.66110844e+03
7.66224722e+03
7.66338750e+03
7.66452810e+03
7.66566923e+03
7.66680966e+03
7.66794706e+03
7.66908198e+03
7.67021295e+03
7.67134275e+03
7.67246655e+03
7.67358693e+03
7.67470790e+03
7.67582744e+03
7.67694664e+03
7.67806546e+03
7.67918723e+03
7.68031111e+03
7.68143652e+03
7.68256188e+03
7.68369092e+03
7.68481863e+03
7.68594627e+03
7.68707486e+03
7.68820656e+03
7.68934006e+03
7.69047588e+03
7.69161379e+03
7.69275465e+03
7.69389841e+03
7.69504580e+03
7.69619333e+03
7.69734281e+03
7.69849211e+03
7.69964284e+03
7.70079295e+03
7.70194339e+03
7.70309448e+03
7.70424992e+03
7.70540520e+03
7.70656038e+03
7.70771705e+03
7.70887326e+03
7.71003138e+03
7.71118874e+03
7.71234361e+03
7.71349821e+03
7.71465053e+03
7.71580011e+03
7.71694597e+03
7.71809232e+03
7.71923682e+03
7.72037669e+03
7.72151246e+03
7.72264360e+03
7.72377259e+03
7.72489754e+03
7.72602030e+03
7.72714306e+03
7.72826276e+03
7.72937874e+03
7.73049296e+03
7.73160269e+03
7.73271019e+03
7.73381417e+03
7.73491543e+03
7.73601274e+03
7.73710800e+03
7.73819980e+03
7.73928542e+03
7.74036908e+03
7.74145087e+03
7.74252759e+03
7.74360066e+03
7.74466606e+03
7.74572498e+03
7.74677973e+03
7.74783244e+03
7.74887978e+03
7.74992176e+03
7.75095916e+03
7.75199004e+03
7.75301551e+03
7.75403807e+03
7.75505804e+03
7.75607750e+03
7.75709345e+03
7.75810460e+03
7.75911282e+03
7.76012062e+03
7.76112704e+03
7.76213324e+03
7.76313445e+03
7.76413169e+03
7.76512720e+03
7.76612015e+03
7.76711054e+03
7.76809824e+03
7.76908330e+03
7.77006896e+03
7.77105590e+03
7.77204262e+03
7.77302941e+03
7.77401581e+03
7.77500515e+03
7.77599520e+03
7.77699094e+03
7.77798737e+03
7.77898742e+03
7.77998609e+03
7.78098318e+03
7.78198082e+03
7.78297758e+03
7.78397294e+03
7.78496681e+03
7.78595797e+03
7.78694718e+03
7.78792936e+03
7.78890344e+03
7.78987440e+03
7.79083735e+03
7.79179037e+03
7.79273534e+03
7.79367140e+03
7.79459969e+03
7.79552112e+03
7.79643227e+03
7.79733086e+03
7.79822272e+03
7.79910808e+03
7.79998748e+03
7.80085924e+03
7.80172773e+03
7.80259323e+03
7.80345309e+03
7.80430927e+03
7.80516348e+03
7.80601363e+03
7.80686369e+03
7.80771481e+03
7.80856816e+03
7.80941848e+03
7.81026985e+03
7.81112481e+03
7.81198116e+03
7.81284162e+03
7.81370711e+03
7.81457348e+03
7.81544750e+03
7.81632750e+03
7.81721571e+03
7.81811171e+03
7.81901822e+03
7.81993569e+03
7.82086331e+03
7.82180185e+03
7.82275111e+03
7.82370916e+03
7.82467526e+03
7.82565209e+03
7.82663810e+03
7.82763604e+03
7.82864841e+03
7.82967377e+03
7.83071449e+03
7.83176363e+03
7.83282327e+03
7.83389628e+03
7.83497780e+03
7.83606643e+03
7.83716243e+03
7.83826255e+03
7.83937157e+03
7.84048479e+03
7.84160431e+03
7.84272995e+03
7.84386236e+03
7.84499795e+03
7.84613906e+03
7.84728315e+03
7.84843305e+03
7.84958374e+03
7.85073183e+03
7.85187967e+03
7.85302190e+03
7.85415845e+03
7.85529269e+03
7.85642067e+03
7.85754744e+03
7.85866828e+03
7.85978523e+03
7.86090279e+03
7.86201720e+03
7.86313137e+03
7.86424330e+03
7.86535799e+03
7.86647190e+03
7.86758447e+03
7.86869071e+03
7.86979800e+03
7.87090050e+03
7.87199849e+03
7.87309228e+03
7.87418394e+03
7.87527108e+03
7.87635850e+03
7.87744319e+03
7.87852722e+03
7.87961196e+03
7.88069955e+03
7.88178547e+03
7.88287469e+03
7.88396459e+03
7.88505320e+03
7.88614262e+03
7.88722762e+03
7.88831090e+03
7.88939278e+03
7.89046853e+03
7.89153869e+03
7.89260826e+03
7.89367437e+03
7.89473610e+03
7.89580038e+03
7.89686175e+03
7.89792256e+03
7.89898311e+03
7.90004461e+03
7.90110662e+03
7.90216300e+03
7.90321651e+03
7.90426763e+03
7.90531903e+03
7.90636522e+03
7.90740725e+03
7.90844466e+03
7.90947886e+03
7.91051143e+03
7.91154238e+03
7.91257007e+03
7.91359701e+03
7.91462169e+03
7.91564152e+03
7.91666135e+03
7.91767980e+03
7.91869467e+03
7.91970620e+03
7.92071129e+03
7.92171449e+03
7.92271308e+03
7.92370728e+03
7.92469962e+03
7.92568902e+03
7.92667556e+03
7.92766067e+03
7.92864167e+03
7.92962239e+03
7.93059997e+03
7.93157490e+03
7.93255011e+03
7.93352104e+03
7.93449088e+03
7.93545323e+03
7.93641469e+03
7.93737235e+03
7.93832369e+03
7.93927006e+03
7.94021229e+03
7.94115001e+03
7.94208385e+03
7.94301220e+03
7.94393544e+03
7.94485536e+03
7.94577348e+03
7.94669341e+03
7.94761799e+03
7.94854241e+03
7.94946860e+03
7.95039393e+03
7.95131550e+03
7.95223385e+03
7.95315011e+03
7.95406264e+03
7.95497070e+03
7.95587700e+03
7.95677905e+03
7.95767551e+03
7.95857103e+03
7.95946015e+03
7.96034271e+03
7.96121686e+03
7.96208380e+03
7.96294411e+03
7.96379659e+03
7.96464131e+03
7.96547843e+03
7.96630884e+03
7.96713716e+03
7.96796309e+03
7.96878275e+03
7.96960156e+03
7.97041564e+03
7.97122579e+03
7.97203355e+03
7.97283850e+03
7.97364352e+03
7.97445029e+03
7.97525535e+03
7.97606091e+03
7.97686901e+03
7.97768151e+03
7.97849867e+03
7.97932372e+03
7.98015191e+03
7.98098076e+03
7.98181359e+03
7.98265379e+03
7.98350210e+03
7.98436161e+03
7.98522644e+03
7.98610009e+03
7.98697964e+03
7.98786871e+03
7.98876351e+03
7.98966289e+03
7.99056836e+03
7.99147792e+03
7.99238802e+03
7.99330133e+03
7.99421905e+03
7.99513850e+03
7.99606399e+03
7.99699354e+03
7.99792489e+03
7.99885525e+03
7.99979383e+03
8.00073610e+03
8.00168107e+03
8.00263033e+03
8.00358278e+03
8.00453669e+03
8.00549186e+03
8.00645286e+03
8.00741751e+03
8.00838356e+03
8.00935462e+03
8.01033132e+03
8.01130952e+03
8.01229331e+03
8.01328020e+03
8.01426928e+03
8.01525760e+03
8.01625094e+03
8.01724517e+03
8.01823618e+03
8.01922620e+03
8.02021315e+03
8.02119690e+03
8.02218216e+03
8.02316496e+03
8.02414929e+03
8.02513479e+03
8.02612108e+03
8.02710543e+03
8.02809178e+03
8.02908206e+03
8.03007270e+03
8.03106324e+03
8.03205586e+03
8.03305399e+03
8.03405480e+03
8.03505671e+03
8.03606470e+03
8.03707550e+03
8.03809269e+03
8.03911420e+03
8.04014047e+03
8.04117445e+03
8.04221353e+03
8.04325653e+03
8.04430258e+03
8.04534853e+03
8.04639142e+03
8.04743473e+03
8.04848013e+03
8.04952463e+03
8.05056303e+03
8.05159560e+03
8.05262751e+03
8.05365770e+03
8.05468798e+03
8.05571787e+03
8.05674735e+03
8.05777590e+03
8.05880334e+03
8.05983061e+03
8.06085860e+03
8.06188557e+03
8.06291091e+03
8.06393400e+03
8.06495105e+03
8.06597286e+03
8.06699028e+03
8.06800896e+03
8.06903066e+03
8.07005828e+03
8.07109369e+03
8.07213164e+03
8.07316888e+03
8.07420904e+03
8.07524874e+03
8.07628930e+03
8.07733163e+03
8.07837130e+03
8.07941253e+03
8.08044810e+03
8.08148019e+03
8.08250648e+03
8.08352567e+03
8.08453770e+03
8.08554294e+03
8.08654159e+03
8.08753364e+03
8.08851910e+03
8.08950092e+03
8.09047467e+03
8.09143786e+03
8.09239156e+03
8.09334002e+03
8.09427828e+03
8.09521048e+03
8.09613689e+03
8.09705860e+03
8.09797917e+03
8.09889449e+03
8.09980584e+03
8.10071398e+03
8.10161963e+03
8.10252704e+03
8.10343303e+03
8.10434021e+03
8.10524859e+03
8.10616370e+03
8.10708526e+03
8.10801134e+03
8.10894363e+03
8.10988132e+03
8.11082599e+03
8.11177837e+03
8.11273933e+03
8.11370634e+03
8.11467994e+03
8.11566312e+03
8.11665373e+03
8.11765336e+03
8.11866569e+03
8.11968770e+03
8.12071993e+03
8.12176080e+03
8.12280710e+03
8.12386438e+03
8.12493331e+03
8.12601119e+03
8.12709219e+03
8.12817771e+03
8.12926859e+03
8.13036735e+03
8.13147092e+03
8.13257713e+03
8.13368820e+03
8.13479946e+03
8.13591014e+03
8.13702118e+03
8.13813400e+03
8.13924618e+03
8.14036012e+03
8.14147595e+03
8.14259340e+03
8.14371155e+03
8.14483265e+03
8.14595274e+03
8.14707535e+03
8.14820128e+03
8.14932380e+03
8.15044932e+03
8.15157773e+03
8.15270859e+03
8.15383983e+03
8.15497201e+03
8.15610364e+03
8.15723627e+03
8.15836514e+03
8.15949195e+03
8.16061778e+03
8.16174348e+03
8.16286719e+03
8.16399398e+03
8.16511880e+03
8.16624191e+03
8.16736637e+03
8.16849257e+03
8.16961849e+03
8.17074493e+03
8.17186779e+03
8.17298698e+03
8.17410338e+03
8.17521511e+03
8.17632236e+03
8.17742293e+03
8.17852162e+03
8.17961283e+03
8.18069616e+03
8.18177715e+03
8.18284898e+03
8.18391407e+03
8.18497343e+03
8.18602350e+03
8.18706773e+03
8.18810297e+03
8.18913195e+03
8.19015068e+03
8.19116271e+03
8.19216614e+03
8.19315995e+03
8.19414844e+03
8.19513191e+03
8.19611086e+03
8.19708308e+03
8.19804913e+03
8.19900777e+03
8.19996136e+03
8.20091136e+03
8.20185799e+03
8.20279675e+03
8.20373262e+03
8.20466261e+03
8.20559103e+03
8.20651896e+03
8.20744268e+03
8.20836756e+03
8.20928761e+03
8.21020380e+03
8.21112032e+03
8.21203477e+03
8.21294467e+03
8.21385177e+03
8.21475416e+03
8.21565227e+03
8.21654456e+03
8.21743446e+03
8.21831521e+03
8.21919132e+03
8.22006202e+03
8.22093020e+03
8.22179172e+03
8.22264743e+03
8.22350105e+03
8.22434721e+03
8.22519225e+03
8.22603067e+03
8.22687024e+03
8.22770728e+03
8.22854520e+03
8.22938519e+03
8.23022549e+03
8.23106362e+03
8.23189824e+03
8.23272931e+03
8.23355759e+03
8.23438590e+03
8.23521011e+03
8.23603458e+03
8.23685782e+03
8.23767781e+03
8.23849759e+03
8.23931676e+03
8.24012953e+03
8.24094360e+03
8.24176336e+03
8.24258768e+03
8.24341658e+03
8.24424607e+03
8.24507806e+03
8.24591633e+03
8.24675845e+03
8.24760254e+03
8.24844637e+03
8.24928962e+03
8.25013424e+03
8.25098068e+03
8.25182755e+03
8.25267432e+03
8.25352108e+03
8.25437318e+03
8.25522768e+03
8.25608263e+03
8.25693956e+03
8.25779961e+03
8.25866324e+03
8.25953464e+03
8.26040918e+03
8.26128501e+03
8.26217107e+03
8.26306267e+03
8.26396112e+03
8.26486683e+03
8.26578143e+03
8.26670469e+03
8.26763211e+03
8.26856725e+03
8.26950370e+03
8.27044395e+03
8.27139245e+03
8.27234626e+03
8.27330591e+03
8.27427013e+03
8.27523561e+03
8.27620510e+03
8.27718177e+03
8.27815905e+03
8.27913763e+03
8.28011772e+03
8.28110035e+03
8.28208372e+03
8.28306806e+03
8.28405550e+03
8.28504186e+03
8.28602722e+03
8.28701499e+03
8.28800244e+03
8.28898864e+03
8.28997278e+03
8.29095733e+03
8.29193891e+03
8.29291975e+03
8.29389670e+03
8.29487657e+03
8.29585243e+03
8.29683077e+03
8.29781344e+03
8.29879842e+03
8.29979031e+03
8.30078691e+03
8.30178699e+03
8.30279168e+03
8.30379944e+03
8.30480743e+03
8.30581959e+03
8.30682951e+03
8.30784390e+03
8.30886644e+03
8.30989129e+03
8.31091593e+03
8.31194545e+03
8.31297685e+03
8.31400947e+03
8.31504196e+03
8.31607376e+03
8.31710846e+03
8.31814471e+03
8.31917636e+03
8.32020336e+03
8.32122624e+03
8.32224922e+03
8.32327156e+03
8.32428801e+03
8.32529647e+03
8.32630443e+03
8.32731046e+03
8.32831117e+03
8.32930786e+03
8.33029888e+03
8.33128664e+03
8.33226768e+03
8.33324580e+03
8.33422095e+03
8.33518692e+03
8.33614804e+03
8.33710727e+03
8.33806097e+03
8.33900993e+03
8.33995825e+03
8.34090866e+03
8.34186083e+03
8.34281114e+03
8.34376095e+03
8.34471172e+03
8.34566838e+03
8.34662743e+03
8.34758809e+03
8.34855304e+03
8.34952864e+03
8.35050720e+03
8.35148875e+03
8.35246757e+03
8.35344557e+03
8.35442255e+03
8.35539718e+03
8.35637730e+03
8.35736346e+03
8.35834943e+03
8.35933693e+03
8.36032343e+03
8.36131468e+03
8.36230819e+03
8.36330278e+03
8.36429429e+03
8.36528703e+03
8.36627812e+03
8.36727058e+03
8.36826082e+03
8.36925008e+03
8.37024625e+03
8.37123758e+03
8.37223129e+03
8.37322252e+03
8.37421132e+03
8.37520043e+03
8.37618958e+03
8.37717687e+03
8.37816351e+03
8.37914586e+03
8.38012684e+03
8.38110187e+03
8.38207171e+03
8.38303880e+03
8.38399719e+03
8.38495069e+03
8.38589541e+03
8.38683879e+03
8.38777854e+03
8.38871377e+03
8.38964402e+03
8.39056946e+03
8.39148940e+03
8.39240142e+03
8.39330971e+03
8.39421402e+03
8.39511235e+03
8.39600795e+03
8.39690550e+03
8.39779412e+03
8.39868111e+03
8.39956156e+03
8.40043527e+03
8.40130322e+03
8.40216394e+03
8.40302334e+03
8.40388244e+03
8.40474612e+03
8.40561034e+03
8.40648170e+03
8.40735724e+03
8.40823588e+03
8.40911490e+03
8.40999226e+03
8.41087034e+03
8.41175434e+03
8.41264177e+03
8.41353269e+03
8.41442469e+03
8.41531837e+03
8.41621597e+03
8.41711849e+03
8.41802291e+03
8.41892856e+03
8.41983681e+03
8.42074755e+03
8.42165740e+03
8.42256477e+03
8.42346853e+03
8.42436857e+03
8.42526200e+03
8.42615577e+03
8.42704596e+03
8.42793488e+03
8.42881541e+03
8.42969415e+03
8.43056556e+03
8.43143306e+03
8.43229349e+03
8.43315038e+03
8.43400072e+03
8.43484346e+03
8.43567943e+03
8.43651219e+03
8.43734258e+03
8.43816942e+03
8.43899291e+03
8.43981081e+03
8.44062387e+03
8.44142825e+03
8.44222553e+03
8.44301742e+03
8.44381026e+03
8.44459903e+03
8.44538503e+03
8.44616958e+03
8.44695498e+03
8.44774482e+03
8.44853482e+03
8.44932483e+03
8.45011276e+03
8.45090190e+03
8.45168674e+03
8.45247437e+03
8.45325761e+03
8.45403844e+03
8.45481666e+03
8.45558454e+03
8.45635006e+03
8.45710934e+03
8.45786334e+03
8.45861531e+03
8.45936528e+03
8.46011164e+03
8.46085248e+03
8.46159157e+03
8.46233335e+03
8.46307257e+03
8.46381427e+03
8.46455771e+03
8.46529927e+03
8.46603775e+03
8.46678758e+03
8.46753959e+03
8.46830408e+03
8.46907176e+03
8.46983915e+03
8.47060748e+03
8.47137936e+03
8.47215288e+03
8.47293088e+03
8.47370745e+03
8.47448594e+03
8.47526593e+03
8.47604526e+03
8.47682590e+03
8.47760703e+03
8.47838867e+03
8.47917149e+03
8.47995499e+03
8.48073285e+03
8.48151093e+03
8.48228116e+03
8.48305004e+03
8.48381643e+03
8.48457730e+03
8.48534147e+03
8.48610396e+03
8.48686173e+03
8.48762162e+03
8.48838154e+03
8.48914091e+03
8.48989942e+03
8.49065714e+03
8.49141918e+03
8.49218853e+03
8.49296067e+03
8.49373907e+03
8.49452204e+03
8.49530597e+03
8.49609797e+03
8.49689126e+03
8.49768637e+03
8.49848334e+03
8.49928216e+03
8.50007963e+03
8.50087841e+03
8.50167821e+03
8.50247691e+03
8.50328666e+03
8.50410103e+03
8.50492059e+03
8.50574227e+03
8.50656258e+03
8.50738989e+03
8.50821252e+03
8.50903811e+03
8.50985901e+03
8.51067742e+03
8.51149619e+03
8.51231294e+03
8.51313323e+03
8.51394722e+03
8.51475449e+03
8.51555933e+03
8.51635536e+03
8.51714697e+03
8.51793268e+03
8.51871468e+03
8.51948942e+03
8.52025547e+03
8.52100497e+03
8.52174497e+03
8.52247288e+03
8.52318965e+03
8.52389036e+03
8.52458055e+03
8.52526316e+03
8.52593667e+03
8.52660506e+03
8.52726519e+03
8.52791504e+03
8.52855863e+03
8.52919566e+03
8.52981989e+03
8.53043664e+03
8.53104416e+03
8.53164732e+03
8.53224765e+03
8.53284168e+03
8.53343378e+03
8.53402189e+03
8.53460452e+03
8.53518330e+03
8.53576212e+03
8.53633761e+03
8.53690877e+03
8.53747354e+03
8.53803315e+03
8.53859397e+03
8.53915183e+03
8.53970060e+03
8.54024095e+03
8.54076938e+03
8.54129385e+03
8.54180878e+03
8.54231173e+03
8.54280778e+03
8.54329411e+03
8.54377520e+03
8.54425322e+03
8.54473182e+03
8.54521170e+03
8.54569558e+03
8.54617856e+03
8.54665956e+03
8.54713335e+03
8.54760234e+03
8.54807274e+03
8.54854174e+03
8.54900866e+03
8.54947447e+03
8.54994241e+03
8.55040570e+03
8.55087079e+03
8.55134388e+03
8.55182245e+03
8.55230372e+03
8.55278854e+03
8.55327662e+03
8.55377082e+03
8.55426955e+03
8.55477199e+03
8.55528363e+03
8.55580286e+03
8.55632771e+03
8.55685451e+03
8.55738194e+03
8.55791711e+03
8.55845560e+03
8.55899908e+03
8.55954309e+03
8.56008990e+03
8.56063631e+03
8.56118635e+03
8.56174676e+03
8.56231240e+03
8.56288352e+03
8.56346771e+03
8.56405976e+03
8.56466018e+03
8.56526975e+03
8.56588185e+03
8.56649889e+03
8.56711966e+03
8.56774963e+03
8.56838184e+03
8.56902205e+03
8.56967035e+03
8.57032783e+03
8.57099121e+03
8.57166126e+03
8.57233848e+03
8.57302554e+03
8.57372238e+03
8.57442495e+03
8.57513234e+03
8.57584673e+03
8.57655874e+03
8.57727120e+03
8.57798731e+03
8.57870232e+03
8.57941867e+03
8.58013859e+03
8.58085614e+03
8.58157516e+03
8.58229405e+03
8.58300657e+03
8.58371830e+03
8.58443283e+03
8.58515197e+03
8.58586984e+03
8.58659446e+03
8.58732198e+03
8.58805296e+03
8.58878591e+03
8.58952163e+03
8.59026196e+03
8.59100703e+03
8.59175552e+03
8.59250983e+03
8.59326616e+03
8.59402549e+03
8.59478981e+03
8.59555773e+03
8.59632942e+03
8.59710416e+03
8.59788399e+03
8.59866757e+03
8.59945681e+03
8.60024672e+03
8.60103735e+03
8.60182951e+03
8.60262603e+03
8.60342398e+03
8.60422627e+03
8.60502619e+03
8.60582213e+03
8.60662053e+03
8.60741632e+03
8.60820117e+03
8.60898260e+03
8.60975473e+03
8.61051618e+03
8.61127575e+03
8.61203049e+03
8.61278428e+03
8.61353601e+03
8.61428497e+03
8.61503447e+03
8.61578966e+03
8.61654609e+03
8.61730930e+03
8.61806998e+03
8.61883597e+03
8.61960876e+03
8.62038020e+03
8.62115693e+03
8.62194266e+03
8.62272750e+03
8.62351146e+03
8.62430284e+03
8.62509701e+03
8.62589675e+03
8.62670334e+03
8.62750583e+03
8.62830843e+03
8.62910828e+03
8.62990002e+03
8.63068963e+03
8.63147525e+03
8.63226296e+03
8.63304363e+03
8.63381663e+03
8.63457943e+03
8.63534226e+03
8.63609451e+03
8.63684591e+03
8.63759688e+03
8.63834807e+03
8.63909669e+03
8.63984586e+03
8.64059240e+03
8.64134436e+03
8.64209860e+03
8.64285386e+03
8.64360813e+03
8.64436965e+03
8.64513878e+03
8.64591697e+03
8.64669103e+03
8.64747161e+03
8.64825503e+03
8.64904025e+03
8.64982678e+03
8.65061224e+03
8.65140360e+03
8.65219434e+03
8.65299188e+03
8.65379084e+03
8.65459566e+03
8.65541181e+03
8.65622971e+03
8.65704776e+03
8.65786730e+03
8.65868898e+03
8.65950922e+03
8.66032153e+03
8.66113433e+03
8.66194797e+03
8.66276119e+03
8.66357204e+03
8.66438784e+03
8.66520240e+03
8.66601843e+03
8.66683120e+03
8.66764680e+03
8.66846526e+03
8.66928076e+03
8.67009517e+03
8.67091287e+03
8.67173150e+03
8.67255267e+03
8.67337645e+03
8.67420350e+03
8.67502697e+03
8.67585372e+03
8.67668144e+03
8.67751582e+03
8.67834865e+03
8.67918233e+03
8.68001409e+03
8.68084522e+03
8.68167426e+03
8.68251240e+03
8.68334843e+03
8.68418499e+03
8.68502419e+03
8.68586041e+03
8.68669539e+03
8.68752520e+03
8.68835000e+03
8.68915845e+03
8.68996038e+03
8.69075476e+03
8.69154086e+03
8.69232526e+03
8.69310260e+03
8.69387250e+03
8.69463539e+03
8.69538769e+03
8.69613380e+03
8.69687274e+03
8.69759966e+03
8.69832518e+03
8.69904291e+03
8.69975875e+03
8.70047224e+03
8.70118571e+03
8.70189033e+03
8.70259277e+03
8.70329083e+03
8.70398272e+03
8.70466530e+03
8.70533628e+03
8.70599736e+03
8.70665438e+03
8.70730381e+03
8.70793862e+03
8.70856777e+03
8.70919123e+03
8.70980865e+03
8.71042945e+03
8.71104894e+03
8.71167170e+03
8.71229120e+03
8.71291004e+03
8.71353004e+03
8.71414271e+03
8.71475088e+03
8.71535212e+03
8.71595003e+03
8.71654336e+03
8.71713597e+03
8.71772181e+03
8.71830211e+03
8.71887846e+03
8.71945398e+03
8.72002443e+03
8.72058793e+03
8.72115182e+03
8.72170507e+03
8.72225557e+03
8.72280408e+03
8.72335235e+03
8.72389404e+03
8.72442233e+03
8.72494349e+03
8.72546026e+03
8.72597174e+03
8.72647952e+03
8.72699399e+03
8.72751250e+03
8.72804146e+03
8.72857528e+03
8.72911454e+03
8.72965212e+03
8.73019258e+03
8.73073648e+03
8.73127868e+03
8.73182926e+03
8.73237980e+03
8.73292735e+03
8.73347678e+03
8.73402604e+03
8.73458008e+03
8.73513351e+03
8.73569456e+03
8.73626605e+03
8.73684493e+03
8.73742824e+03
8.73801572e+03
8.73861135e+03
8.73920879e+03
8.73980624e+03
8.74040674e+03
8.74100920e+03
8.74161312e+03
8.74222095e+03
8.74283155e+03
8.74343974e+03
8.74405281e+03
8.74466668e+03
8.74528199e+03
8.74589541e+03
8.74650807e+03
8.74711842e+03
8.74773466e+03
8.74835114e+03
8.74896446e+03
8.74957753e+03
8.75018556e+03
8.75079847e+03
8.75140874e+03
8.75201541e+03
8.75261401e+03
8.75321229e+03
8.75380894e+03
8.75440289e+03
8.75499715e+03
8.75558847e+03
8.75617736e+03
8.75676110e+03
8.75734309e+03
8.75792075e+03
8.75849226e+03
8.75905310e+03
8.75960243e+03
8.76014628e+03
8.76068542e+03
8.76122002e+03
8.76175053e+03
8.76228067e+03
8.76280803e+03
8.76332186e+03
8.76382654e+03
8.76432522e+03
8.76481637e+03
8.76529512e+03
8.76576772e+03
8.76623139e+03
8.76669291e+03
8.76714600e+03
8.76759446e+03
8.76804448e+03
8.76849557e+03
8.76895133e+03
8.76940139e+03
8.76985320e+03
8.77030787e+03
8.77076270e+03
8.77122431e+03
8.77170040e+03
8.77218488e+03
8.77266714e+03
8.77315025e+03
8.77364821e+03
8.77414299e+03
8.77464853e+03
8.77516604e+03
8.77569959e+03
8.77624145e+03
8.77680097e+03
8.77737286e+03
8.77796471e+03
8.77856722e+03
8.77918883e+03
8.77982336e+03
8.78047801e+03
8.78114923e+03
8.78183876e+03
8.78252980e+03
8.78322609e+03
8.78393193e+03
8.78464400e+03
8.78537162e+03
8.78611948e+03
8.78688625e+03
8.78767244e+03
8.78847456e+03
8.78929001e+03
8.79011381e+03
8.79095126e+03
8.79180426e+03
8.79267222e+03
8.79355034e+03
8.79444101e+03
8.79533809e+03
8.79624300e+03
8.79716299e+03
8.79809320e+03
8.79902886e+03
8.79996829e+03
8.80091208e+03
8.80185441e+03
8.80280516e+03
8.80375957e+03
8.80471654e+03
8.80568115e+03
8.80665545e+03
8.80764249e+03
8.80863673e+03
8.80963208e+03
8.81063557e+03
8.81164910e+03
8.81267395e+03
8.81370381e+03
8.81474442e+03
8.81578314e+03
8.81682767e+03
8.81786351e+03
8.81888640e+03
8.81990046e+03
8.82090645e+03
8.82190391e+03
8.82288215e+03
8.82384646e+03
8.82479750e+03
8.82573902e+03
8.82665900e+03
8.82756389e+03
8.82845061e+03
8.82932889e+03
8.83019787e+03
8.83105515e+03
8.83189530e+03
8.83272038e+03
8.83353494e+03
8.83433326e+03
8.83511128e+03
8.83587859e+03
8.83663212e+03
8.83737460e+03
8.83810604e+03
8.83882912e+03
8.83954068e+03
8.84023841e+03
8.84093375e+03
8.84161490e+03
8.84229586e+03
8.84297446e+03
8.84364330e+03
8.84430846e+03
8.84497701e+03
8.84565741e+03
8.84634391e+03
8.84703311e+03
8.84772896e+03
8.84843402e+03
8.84914391e+03
8.84986992e+03
8.85061635e+03
8.85138488e+03
8.85216784e+03
8.85296757e+03
8.85378603e+03
8.85461843e+03
8.85547463e+03
8.85635436e+03
8.85725944e+03
8.85818951e+03
8.85914314e+03
8.86011425e+03
8.86110474e+03
8.86210584e+03
8.86312620e+03
8.86416767e+03
8.86522608e+03
8.86629832e+03
8.86738035e+03
8.86847305e+03
8.86958832e+03
8.87071215e+03
8.87184767e+03
8.87299942e+03
8.87415672e+03
8.87532719e+03
8.87651284e+03
8.87770078e+03
8.87888483e+03
8.88006317e+03
8.88124968e+03
8.88243076e+03
8.88359936e+03
8.88476608e+03
8.88593173e+03
8.88708600e+03
8.88823949e+03
8.88938808e+03
8.89053378e+03
8.89167729e+03
8.89282262e+03
8.89395814e+03
8.89508782e+03
8.89621199e+03
8.89733384e+03
8.89845922e+03
8.89958484e+03
8.90070617e+03
8.90182886e+03
8.90296480e+03
8.90410533e+03
8.90524354e+03
8.90637921e+03
8.90751562e+03
8.90865369e+03
8.90979761e+03
8.91094326e+03
8.91208879e+03
8.91324097e+03
8.91439576e+03
8.91555187e+03
8.91671848e+03
8.91788830e+03
8.91905870e+03
8.92022804e+03
8.92140188e+03
8.92258069e+03
8.92375568e+03
8.92492531e+03
8.92609432e+03
8.92725268e+03
8.92840930e+03
8.92955484e+03
8.93069861e+03
8.93183808e+03
8.93298246e+03
8.93412431e+03
8.93525349e+03
8.93637997e+03
8.93751260e+03
8.93864985e+03
8.93978350e+03
8.94091768e+03
8.94204582e+03
8.94317252e+03
8.94429765e+03
8.94542135e+03
8.94654063e+03
8.94765509e+03
8.94875750e+03
8.94985768e+03
8.95095249e+03
8.95204610e+03
8.95312986e+03
8.95420761e+03
8.95527179e+03
8.95633680e+03
8.95739868e+03
8.95845276e+03
8.95950461e+03
8.96054859e+03
8.96158825e+03
8.96262503e+03
8.96366388e+03
8.96469260e+03
8.96571384e+03
8.96672930e+03
8.96773831e+03
8.96873865e+03
8.96974040e+03
8.97072782e+03
8.97171338e+03
8.97268383e+03
8.97364159e+03
8.97458604e+03
8.97551413e+03
8.97643409e+03
8.97734586e+03
8.97824519e+03
8.97912874e+03
8.97999148e+03
8.98083925e+03
8.98166571e+03
8.98247674e+03
8.98327683e+03
8.98405747e+03
8.98482690e+03
8.98557766e+03
8.98631819e+03
8.98703859e+03
8.98773453e+03
8.98841100e+03
8.98906793e+03
8.98970815e+03
8.99032643e+03
8.99092691e+03
8.99151740e+03
8.99210728e+03
8.99269545e+03
8.99328099e+03
8.99386179e+03
8.99444288e+03
8.99501676e+03
8.99558581e+03
8.99615886e+03
8.99673158e+03
8.99729927e+03
8.99785506e+03
8.99841683e+03
8.99896652e+03
8.99950512e+03
9.00003155e+03
9.00055725e+03
9.00107918e+03
9.00159988e+03
9.00211993e+03
9.00264352e+03
9.00316387e+03
9.00367835e+03
9.00418881e+03
9.00469155e+03
9.00517857e+03
9.00565694e+03
9.00612910e+03
9.00659644e+03
9.00705061e+03
9.00749150e+03
9.00792493e+03
9.00833866e+03
9.00874711e+03
9.00915429e+03
9.00956648e+03
9.00997660e+03
9.01039315e+03
9.01079691e+03
9.01119808e+03
9.01159555e+03
9.01199312e+03
9.01237688e+03
9.01274904e+03
9.01312169e+03
9.01349325e+03
9.01386463e+03
9.01423271e+03
9.01458758e+03
9.01492902e+03
9.01525817e+03
9.01557097e+03
9.01588314e+03
9.01618425e+03
9.01646972e+03
9.01674400e+03
9.01700575e+03
9.01726394e+03
9.01752731e+03
9.01778650e+03
9.01804025e+03
9.01827826e+03
9.01850950e+03
9.01873739e+03
9.01897344e+03
9.01920962e+03
9.01946205e+03
9.01972640e+03
9.01999987e+03
9.02028579e+03
9.02058402e+03
9.02089418e+03
9.02122572e+03
9.02156234e+03
9.02190814e+03
9.02226734e+03
9.02263172e+03
9.02300951e+03
9.02339651e+03
9.02380801e+03
9.02423694e+03
9.02468572e+03
9.02514366e+03
9.02561907e+03
9.02612018e+03
9.02664057e+03
9.02717823e+03
9.02773700e+03
9.02830971e+03
9.02889602e+03
9.02949417e+03
9.03010208e+03
9.03071141e+03
9.03132845e+03
9.03195282e+03
9.03258431e+03
9.03322154e+03
9.03386459e+03
9.03451747e+03
9.03517435e+03
9.03584108e+03
9.03650657e+03
9.03716484e+03
9.03781335e+03
9.03846048e+03
9.03909748e+03
9.03972601e+03
9.04034695e+03
9.04094969e+03
9.04153036e+03
9.04209323e+03
9.04263895e+03
9.04316909e+03
9.04369098e+03
9.04420476e+03
9.04471496e+03
9.04520101e+03
9.04566539e+03
9.04609989e+03
9.04650650e+03
9.04688391e+03
9.04722418e+03
9.04754144e+03
9.04782350e+03
9.04808027e+03
9.04832412e+03
9.04855361e+03
9.04876806e+03
9.04897363e+03
9.04917142e+03
9.04935825e+03
9.04955153e+03
9.04973300e+03
9.04990326e+03
9.05007507e+03
9.05024984e+03
9.05042327e+03
9.05059765e+03
9.05076557e+03
9.05094132e+03
9.05111474e+03
9.05129428e+03
9.05147498e+03
9.05166795e+03
9.05187313e+03
9.05210496e+03
9.05236267e+03
9.05262739e+03
9.05292032e+03
9.05322427e+03
9.05353857e+03
9.05386543e+03
9.05419256e+03
9.05452591e+03
9.05484691e+03
9.05517519e+03
9.05549385e+03
9.05581925e+03
9.05615901e+03
9.05650747e+03
9.05684690e+03
9.05718633e+03
9.05752695e+03
9.05786885e+03
9.05820459e+03
9.05852894e+03
9.05884699e+03
9.05915688e+03
9.05945404e+03
9.05973247e+03
9.06000089e+03
9.06024845e+03
9.06047509e+03
9.06067115e+03
9.06084153e+03
9.06098801e+03
9.06112332e+03
9.06122304e+03
9.06129856e+03
9.06135424e+03
9.06140172e+03
9.06142508e+03
9.06142201e+03
9.06139061e+03
9.06132843e+03
9.06124936e+03
9.06113957e+03
9.06100690e+03
9.06085235e+03
9.06067413e+03
9.06046996e+03
9.06023734e+03
9.05999011e+03
9.05971739e+03
9.05941485e+03
9.05909369e+03
9.05874622e+03
9.05837151e+03
9.05797349e+03
9.05755691e+03
9.05712873e+03
9.05668185e+03
9.05619984e+03
9.05568787e+03
9.05515236e+03
9.05459797e+03
9.05402894e+03
9.05342826e+03
9.05280231e+03
9.05217295e+03
9.05153470e+03
9.05087037e+03
9.05019519e+03
9.04950817e+03
9.04881155e+03
9.04811739e+03
9.04742029e+03
9.04671744e+03
9.04601068e+03
9.04529906e+03
9.04457348e+03
9.04383238e+03
9.04309048e+03
9.04234916e+03
9.04160667e+03
9.04085636e+03
9.04011401e+03
9.03937618e+03
9.03865632e+03
9.03795052e+03
9.03726521e+03
9.03660292e+03
9.03597006e+03
9.03536881e+03
9.03479244e+03
9.03425070e+03
9.03372452e+03
9.03321672e+03
9.03272842e+03
9.03225022e+03
9.03179059e+03
9.03135059e+03
9.03092720e+03
9.03053348e+03
9.03016845e+03
9.02982903e+03
9.02951180e+03
9.02922082e+03
9.02896313e+03
9.02873558e+03
9.02852853e+03
9.02835521e+03
9.02821325e+03
9.02809494e+03
9.02799406e+03
9.02791271e+03
9.02786487e+03
9.02784921e+03
9.02786112e+03
9.02789119e+03
9.02796073e+03
9.02806221e+03
9.02818368e+03
9.02832926e+03
9.02848683e+03
9.02865582e+03
9.02883437e+03
9.02901537e+03
9.02919581e+03
9.02937655e+03
9.02957163e+03
9.02976808e+03
9.02997355e+03
9.03017847e+03
9.03037531e+03
9.03056143e+03
9.03074863e+03
9.03091853e+03
9.03107055e+03
9.03121787e+03
9.03136630e+03
9.03150459e+03
9.03163105e+03
9.03175057e+03
9.03187273e+03
9.03199331e+03
9.03212782e+03
9.03227565e+03
9.03243958e+03
9.03261130e+03
9.03278035e+03
9.03297393e+03
9.03320329e+03
9.03347255e+03
9.03378004e+03
9.03411795e+03
9.03449294e+03
9.03491009e+03
9.03536702e+03
9.03585855e+03
9.03639623e+03
9.03697866e+03
9.03760414e+03
9.03827314e+03
9.03897096e+03
9.03970305e+03
9.04047330e+03
9.04128285e+03
9.04211725e+03
9.04298647e+03
9.04387944e+03
9.04480903e+03
9.04576610e+03
9.04675049e+03
9.04775729e+03
9.04876978e+03
9.04982075e+03
9.05091409e+03
9.05203130e+03
9.05318296e+03
9.05436883e+03
9.05559267e+03
9.05683746e+03
9.05810660e+03
9.05941036e+03
9.06074449e+03
9.06210948e+03
9.06350547e+03
9.06492509e+03
9.06639102e+03
9.06787959e+03
9.06938242e+03
9.07089723e+03
9.07242111e+03
9.07395899e+03
9.07551625e+03
9.07710004e+03
9.07870561e+03
9.08032709e+03
9.08196327e+03
9.08361186e+03
9.08526085e+03
9.08692495e+03
9.08859546e+03
9.09027074e+03
9.09196683e+03
9.09368174e+03
9.09541463e+03
9.09716434e+03
9.09892286e+03
9.10068313e+03
9.10244458e+03
9.10420390e+03
9.10595375e+03
9.10771077e+03
9.10946922e+03
9.11123865e+03
9.11301718e+03
9.11481466e+03
9.11663017e+03
9.11845329e+03
9.12026638e+03
9.12208971e+03
9.12391668e+03
9.12575870e+03
9.12761708e+03
9.12949473e+03
9.13138615e+03
9.13328097e+03
9.13519798e+03
9.13711413e+03
9.13903224e+03
9.14095884e+03
9.14288470e+03
9.14481350e+03
9.14674227e+03
9.14867689e+03
9.15060807e+03
9.15253641e+03
9.15444802e+03
9.15635336e+03
9.15823435e+03
9.16011950e+03
9.16200693e+03
9.16385708e+03
9.16567625e+03
9.16746941e+03
9.16924953e+03
9.17097865e+03
9.17267442e+03
9.17431031e+03
9.17590409e+03
9.17746428e+03
9.17899158e+03
9.18049141e+03
9.18193973e+03
9.18338148e+03
9.18478647e+03
9.18616242e+03
9.18749950e+03
9.18881132e+03
9.19008738e+03
9.19133005e+03
9.19254305e+03
9.19371228e+03
9.19485050e+03
9.19596059e+03
9.19705735e+03
9.19812480e+03
9.19917105e+03
9.20019445e+03
9.20120882e+03
9.20221366e+03
9.20321486e+03
9.20420354e+03
9.20517681e+03
9.20613624e+03
9.20708431e+03
9.20802759e+03
9.20896982e+03
9.20989210e+03
9.21081226e+03
9.21172830e+03
9.21262520e+03
9.21349721e+03
9.21434381e+03
9.21516424e+03
9.21596830e+03
9.21675659e+03
9.21753655e+03
9.21829504e+03
9.21903612e+03
9.21976758e+03
9.22050727e+03
9.22124318e+03
9.22197578e+03
9.22270814e+03
9.22345134e+03
9.22419332e+03
9.22493233e+03
9.22566765e+03
9.22638788e+03
9.22708357e+03
9.22778504e+03
9.22843767e+03
9.22911301e+03
9.22979847e+03
9.23051092e+03
9.23122227e+03
9.23194170e+03
9.23267659e+03
9.23340986e+03
9.23412038e+03
9.23485534e+03
9.23562239e+03
9.23641144e+03
9.23722323e+03
9.23803957e+03
9.23887650e+03
9.23972695e+03
9.24060266e+03
9.24147608e+03
9.24235710e+03
9.24325386e+03
9.24415059e+03
9.24504925e+03
9.24595068e+03
9.24686118e+03
9.24776938e+03
9.24867057e+03
9.24959341e+03
9.25052465e+03
9.25144795e+03
9.25237175e+03
9.25327814e+03
9.25419634e+03
9.25510566e+03
9.25598866e+03
9.25685382e+03
9.25768113e+03
9.25847499e+03
9.25924287e+03
9.25995713e+03
9.26064561e+03
9.26128588e+03
9.26190716e+03
9.26250589e+03
9.26307120e+03
9.26363510e+03
9.26416502e+03
9.26467659e+03
9.26514607e+03
9.26558163e+03
9.26599327e+03
9.26637102e+03
9.26672522e+03
9.26707307e+03
9.26742103e+03
9.26777594e+03
9.26814816e+03
9.26851409e+03
9.26886269e+03
9.26921140e+03
9.26959041e+03
9.26997586e+03
9.27033022e+03
9.27069630e+03
9.27104456e+03
9.27140030e+03
9.27177321e+03
9.27216321e+03
9.27255496e+03
9.27296482e+03
9.27336851e+03
9.27375944e+03
9.27416337e+03
9.27455320e+03
9.27495453e+03
9.27537039e+03
9.27577902e+03
9.27619538e+03
9.27660006e+03
9.27697895e+03
9.27734972e+03
9.27771251e+03
9.27807926e+03
9.27844650e+03
9.27885880e+03
9.27928550e+03
9.27976388e+03
9.28028410e+03
9.28086063e+03
9.28150470e+03
9.28217232e+03
9.28289342e+03
9.28368730e+03
9.28453123e+03
9.28541604e+03
9.28636973e+03
9.28737959e+03
9.28846865e+03
9.28960696e+03
9.29079220e+03
9.29200632e+03
9.29327262e+03
9.29461870e+03
9.29603121e+03
9.29751376e+03
9.29905914e+03
9.30066795e+03
9.30232056e+03
9.30403108e+03
9.30580307e+03
9.30764792e+03
9.30954747e+03
9.31149781e+03
9.31347776e+03
9.31550910e+03
9.31755658e+03
9.31960737e+03
9.32166673e+03
9.32374633e+03
9.32584157e+03
9.32796725e+03
9.33013016e+03
9.33234508e+03
9.33459903e+03
9.33691228e+03
9.33923509e+03
9.34156810e+03
9.34391659e+03
9.34626163e+03
9.34861660e+03
9.35093109e+03
9.35322581e+03
9.35547928e+03
9.35767781e+03
9.35980336e+03
9.36185911e+03
9.36386486e+03
9.36583684e+03
9.36773844e+03
9.36961672e+03
9.37144642e+03
9.37319002e+03
9.37485538e+03
9.37643307e+03
9.37794981e+03
9.37939707e+03
9.38079534e+03
9.38206600e+03
9.38326400e+03
9.38436176e+03
9.38536509e+03
9.38630152e+03
9.38714961e+03
9.38792857e+03
9.38862206e+03
9.38925368e+03
9.38984991e+03
9.39039186e+03
9.39090849e+03
9.39139829e+03
9.39187329e+03
9.39234546e+03
9.39278013e+03
9.39322779e+03
9.39367370e+03
9.39413527e+03
9.39460313e+03
9.39512678e+03
9.39569247e+03
9.39630206e+03
9.39695796e+03
9.39764725e+03
9.39834549e+03
9.39907856e+03
9.39990549e+03
9.40076515e+03
9.40164419e+03
9.40256836e+03
9.40355100e+03
9.40454728e+03
9.40558645e+03
9.40664652e+03
9.40774195e+03
9.40882357e+03
9.40994225e+03
9.41105563e+03
9.41214127e+03
9.41320369e+03
9.41426141e+03
9.41529407e+03
9.41626797e+03
9.41726545e+03
9.41824180e+03
9.41915383e+03
9.42004498e+03
9.42092795e+03
9.42178162e+03
9.42264079e+03
9.42350056e+03
9.42432095e+03
9.42513951e+03
9.42593807e+03
9.42671154e+03
9.42745703e+03
9.42818967e+03
9.42891362e+03
9.42961491e+03
9.43032772e+03
9.43102865e+03
9.43170155e+03
9.43235040e+03
9.43296454e+03
9.43355210e+03
9.43412794e+03
9.43465468e+03
9.43518989e+03
9.43569319e+03
9.43625689e+03
9.43683371e+03
9.43732772e+03
9.43776091e+03
9.43815243e+03
9.43852495e+03
9.43882524e+03
9.43908620e+03
9.43929817e+03
9.43945213e+03
9.43958910e+03
9.43973070e+03
9.43983006e+03
9.43987879e+03
9.43993300e+03
9.43989619e+03
9.43977255e+03
9.43961018e+03
9.43934341e+03
9.43900435e+03
9.43857306e+03
9.43805686e+03
9.43754406e+03
9.43699967e+03
9.43639816e+03
9.43583117e+03
9.43521874e+03
9.43455401e+03
9.43382441e+03
9.43304954e+03
9.43217971e+03
9.43122518e+03
9.43015360e+03
9.42895252e+03
9.42761432e+03
9.42623383e+03
9.42478871e+03
9.42328090e+03
9.42169145e+03
9.41998120e+03
9.41813015e+03
9.41612429e+03
9.41409476e+03
9.41199611e+03
9.40979043e+03
9.40743508e+03
9.40494858e+03
9.40233210e+03
9.39958539e+03
9.39669895e+03
9.39370118e+03
9.39066822e+03
9.38747521e+03
9.38428122e+03
9.38106584e+03
9.37774700e+03
9.37436035e+03
9.37089811e+03
9.36742919e+03
9.36386994e+03
9.36023930e+03
9.35641676e+03
9.35258754e+03
9.34865632e+03
9.34460268e+03
9.34045679e+03
9.33634319e+03
9.33229565e+03
9.32828105e+03
9.32430322e+03
9.32046753e+03
9.31682232e+03
9.31331131e+03
9.30992001e+03
9.30669994e+03
9.30363621e+03
9.30071985e+03
9.29797311e+03
9.29534256e+03
9.29285174e+03
9.29053804e+03
9.28844676e+03
9.28666057e+03
9.28495603e+03
9.28343626e+03
9.28206258e+03
9.28085771e+03
9.27975932e+03
9.27863073e+03
9.27753869e+03
9.27654067e+03
9.27563291e+03
9.27475790e+03
9.27384809e+03
9.27286433e+03
9.27191403e+03
9.27100589e+03
9.26994119e+03
9.26885165e+03
9.26783074e+03
9.26679865e+03
9.26573210e+03
9.26466449e+03
9.26357672e+03
9.26245857e+03
9.26138562e+03
9.26026974e+03
9.25918957e+03
9.25818414e+03
9.25716038e+03
9.25597017e+03
9.25485398e+03
9.25371324e+03
9.25275560e+03
9.25173009e+03
9.25095139e+03
9.25023535e+03
9.24963741e+03
9.24889890e+03
9.24833354e+03
9.24801612e+03
9.24785315e+03
9.24796136e+03
9.24823499e+03
9.24893071e+03
9.24998779e+03
9.25134649e+03
9.25279964e+03
9.25443590e+03
9.25635526e+03
9.25837830e+03
9.26038528e+03
9.26297508e+03
9.26583798e+03
9.26896920e+03
9.27247217e+03
9.27622263e+03
9.28031575e+03
9.28413401e+03
9.28844082e+03
9.29272491e+03
9.29643217e+03
9.30014366e+03
9.30376090e+03
9.30744460e+03
9.31040742e+03
9.31364103e+03
9.31592355e+03
9.31762739e+03
9.31743204e+03
9.31650838e+03
9.31776686e+03
9.32045601e+03
9.32516324e+03
